1639149051,36.542107,-119.392990
1639149054,36.542152,-119.393036
1639149057,36.541996,-119.392044
1639149060,36.542084,-119.392365
1639149063,36.542084,-119.392365
1639149066,36.542179,-119.392448
1639149069,36.542221,-119.392426
1639149072,36.542244,-119.392426
1639149075,36.542244,-119.392426
1639149078,36.542244,-119.392426
1639149081,36.542477,-119.393295
1639149084,36.542377,-119.393532
1639149087,36.542377,-119.393532
1639149090,36.542519,-119.393753
1639149093,36.542637,-119.393929
1639149096,36.542637,-119.393929
1639149099,36.543236,-119.394516
1639149102,36.543240,-119.394554
1639149105,36.543354,-119.394775
1639149108,36.543457,-119.394981
1639149111,36.543457,-119.394981
1639149114,36.543388,-119.394417
1639149117,36.543396,-119.394356
1639149120,36.543396,-119.394356
1639149123,36.543541,-119.394524
1639149126,36.543930,-119.394562
1639149129,36.544518,-119.394470
1639149132,36.544518,-119.394470
1639149135,36.545074,-119.394875
1639149138,36.545364,-119.394905
1639149141,36.545589,-119.395004
1639149144,36.545589,-119.395004
1639149147,36.546055,-119.395088
1639149150,36.545883,-119.395073
1639149153,36.545959,-119.395042
1639149156,36.545959,-119.395042
1639149159,36.546043,-119.394882
1639149162,36.545963,-119.394783
1639149165,36.545879,-119.394844
1639149168,36.545879,-119.394844
1639149171,36.545776,-119.394600
1639149174,36.546116,-119.394875
1639149177,36.546337,-119.395020
1639149180,36.546337,-119.395020
1639149183,36.546913,-119.395142
1639149186,36.547131,-119.395149
1639149189,36.547443,-119.395180
1639149192,36.547443,-119.395180
1639149195,36.548267,-119.395020
1639149198,36.548630,-119.394966
1639149201,36.548630,-119.394966
1639149204,36.549778,-119.395134
1639149207,36.549843,-119.395134
1639149210,36.550198,-119.395149
1639149213,36.550518,-119.395164
1639149216,36.550980,-119.395058
1639149219,36.550980,-119.395058
1639149222,36.551975,-119.394646
1639149225,36.551975,-119.394646
1639149228,36.552738,-119.394539
1639149231,36.553089,-119.394600
1639149234,36.553246,-119.394547
1639149237,36.553246,-119.394547
1639149240,36.553955,-119.394791
1639149243,36.554173,-119.395447
1639149246,36.554569,-119.395485
1639149249,36.554569,-119.395485
1639149252,36.554935,-119.395432
1639149255,36.555058,-119.395332
1639149258,36.555305,-119.395378
1639149261,36.555305,-119.395378
1639149264,36.555611,-119.394630
1639149267,36.557762,-119.395691
1639149270,36.557770,-119.395638
1639149273,36.557770,-119.395638
1639149276,36.557827,-119.395653
1639149279,36.557827,-119.395653
1639149282,36.558914,-119.394646
1639149285,36.558914,-119.394646
1639149288,36.559654,-119.394730
1639149291,36.560036,-119.394867
1639149294,36.560135,-119.394897
1639149297,36.560135,-119.394897
1639149300,36.560940,-119.395355
1639149303,36.561184,-119.395538
1639149306,36.561337,-119.395645
1639149309,36.561337,-119.395645
1639149312,36.561337,-119.395645
1639149315,36.562611,-119.395676
1639149318,36.562893,-119.395638
1639149321,36.562893,-119.395638
1639149324,36.563202,-119.395622
1639149327,36.563202,-119.395622
1639149330,36.563202,-119.395622
1639149333,36.563202,-119.395622
1639149336,36.565845,-119.394081
1639149339,36.566254,-119.394852
1639149342,36.566242,-119.394867
1639149345,36.566242,-119.394867
1639149348,36.566235,-119.394875
1639149351,36.566475,-119.394745
1639149354,36.567432,-119.394714
1639149357,36.567432,-119.394714
1639149360,36.568810,-119.394859
1639149363,36.569485,-119.394753
1639149366,36.570045,-119.394737
1639149369,36.570045,-119.394737
1639149372,36.570045,-119.394737
1639149375,36.571571,-119.395332
1639149378,36.571815,-119.395508
1639149381,36.571815,-119.395508
1639149384,36.571815,-119.395508
1639149387,36.573357,-119.395805
1639149390,36.573864,-119.395195
1639149393,36.573864,-119.395195
1639149396,36.574814,-119.394943
1639149399,36.575211,-119.394867
1639149402,36.575539,-119.394806
1639149405,36.575539,-119.394806
1639149408,36.575539,-119.394806
1639149411,36.575592,-119.394783
1639149414,36.576248,-119.394707
1639149417,36.576248,-119.394707
1639149420,36.578876,-119.394745
1639149423,36.578865,-119.394753
1639149426,36.578865,-119.394753
1639149429,36.578934,-119.394630
1639149432,36.578934,-119.394630
1639149435,36.578934,-119.394630
1639149438,36.578934,-119.394630
1639149441,36.578934,-119.394630
1639149444,36.578934,-119.394630
1639149447,36.578934,-119.394630
1639149450,36.578934,-119.394630
1639149453,36.584156,-119.395363
1639149456,36.584156,-119.395370
1639149462,36.584156,-119.395370
1639149465,36.584156,-119.395370
1639149468,36.584156,-119.395370
1639149471,36.584156,-119.395370
1639149474,36.584156,-119.395370
1639149477,36.584156,-119.395370
1639149480,36.584156,-119.395370
1639149483,36.584156,-119.395370
1639149486,36.584156,-119.395370
1639149489,36.589195,-119.394623
1639149492,36.589203,-119.394592
1639149495,36.589245,-119.394531
1639149498,36.589245,-119.394531
1639149501,36.589466,-119.394531
1639149504,36.589886,-119.394585
1639149507,36.590027,-119.394585
1639149510,36.590027,-119.394585
1639149513,36.590790,-119.395020
1639149516,36.591274,-119.394775
1639149519,36.591274,-119.394775
1639149522,36.591274,-119.394775
1639149525,36.591274,-119.394775
1639149528,36.591274,-119.394775
1639149531,36.591274,-119.394775
1639149534,36.591274,-119.394775
1639149537,36.591274,-119.394775
1639149540,36.591274,-119.394775
1639149543,36.591274,-119.394775
1639149546,36.591274,-119.394775
1639149549,36.591274,-119.394775
1639149552,36.591274,-119.394775
1639149555,36.591274,-119.394775
1639149558,36.591274,-119.394775
1639149561,36.591274,-119.394775
1639149564,36.599987,-119.395081
1639149567,36.599987,-119.395073
1639149570,36.599987,-119.395073
1639149573,36.599987,-119.395073
1639149576,36.602615,-119.395271
1639149579,36.602688,-119.395195
1639149582,36.602688,-119.395195
1639149585,36.602867,-119.395126
1639149588,36.603657,-119.394691
1639149591,36.603657,-119.394691
1639149594,36.603657,-119.394691
1639149597,36.604462,-119.394257
1639149600,36.604649,-119.394135
1639149603,36.604687,-119.394119
1639149606,36.604687,-119.394119
1639149609,36.604687,-119.394119
1639149612,36.604687,-119.394119
1639149615,36.604687,-119.394119
1639149618,36.604687,-119.394119
1639149621,36.604687,-119.394119
1639149624,36.604687,-119.394119
1639149627,36.604687,-119.394119
1639149630,36.604687,-119.394119
1639149633,36.604687,-119.394119
1639149636,36.604687,-119.394119
1639149639,36.604687,-119.394119
1639149642,36.604687,-119.394119
1639149645,36.601612,-119.402565
1639149648,36.601608,-119.402557
1639149651,36.601608,-119.402557
1639149654,36.601608,-119.402557
1639149657,36.601608,-119.402557
1639149660,36.604469,-119.405388
1639149663,36.603687,-119.405937
1639149666,36.603687,-119.405937
1639149669,36.603687,-119.405937
1639149672,36.603687,-119.405937
1639149675,36.603691,-119.406792
1639149678,36.603691,-119.406792
1639149681,36.603691,-119.406792
1639149684,36.603691,-119.406792
1639149687,36.603691,-119.406792
1639149690,36.603691,-119.406792
1639149693,36.604103,-119.413017
1639149696,36.604095,-119.413025
1639149699,36.604099,-119.413017
1639149702,36.604099,-119.413017
1639149705,36.604099,-119.413017
1639149708,36.604099,-119.413017
1639149711,36.604099,-119.413017
1639149714,36.604099,-119.413017
1639149717,36.604069,-119.416100
1639149720,36.604069,-119.416100
1639149723,36.604069,-119.416100
1639149726,36.604069,-119.416100
1639149729,36.604069,-119.416100
1639149732,36.604069,-119.416100
1639149735,36.604069,-119.416100
1639149738,36.604069,-119.416100
1639149741,36.604069,-119.416100
1639149744,36.604069,-119.416100
1639149747,36.604069,-119.416100
1639149750,36.604069,-119.416100
1639149753,36.604069,-119.416100
1639149756,36.604069,-119.416100
1639149759,36.604069,-119.416100
1639149762,36.604301,-119.432220
1639149765,36.604301,-119.432220
1639149768,36.604301,-119.432220
1639149771,36.604298,-119.432236
1639149774,36.602997,-119.428200
1639149777,36.602901,-119.427994
1639149780,36.602928,-119.427948
1639149783,36.603168,-119.428322
1639149786,36.604290,-119.432228
1639149789,36.604301,-119.432220
1639149792,36.604301,-119.432220
1639149795,36.604294,-119.432152
1639149798,36.603794,-119.431931
1639149801,36.603935,-119.431694
1639149804,36.603935,-119.431694
1639149807,36.603996,-119.431290
1639149810,36.604053,-119.431267
1639149813,36.604168,-119.431625
1639149817,36.604168,-119.431625
1639149820,36.604210,-119.431999
1639149823,36.604229,-119.432144
1639149825,36.604271,-119.432220
1639149829,36.604271,-119.432220
1639149832,36.604191,-119.432259
1639149835,36.604198,-119.432159
1639149838,36.604237,-119.432198
1639149841,36.604237,-119.432198
1639149844,36.604263,-119.432213
1639149847,36.604256,-119.432259
1639149850,36.604153,-119.432098
1639149853,36.604153,-119.432098
1639149856,36.604263,-119.432243
1639149859,36.604290,-119.432228
1639149862,36.604420,-119.432533
1639149865,36.604420,-119.432533
1639149868,36.604305,-119.433846
1639149871,36.604397,-119.434151
1639149874,36.604324,-119.434334
1639149877,36.604324,-119.434334
1639149880,36.604195,-119.435028
1639149883,36.604195,-119.435028
1639149886,36.604210,-119.436043
1639149889,36.604210,-119.436043
1639149892,36.604202,-119.436562
1639149895,36.604195,-119.436966
1639149898,36.604229,-119.437912
1639149901,36.604229,-119.437912
1639149904,36.604355,-119.439003
1639149907,36.604530,-119.439362
1639149910,36.604515,-119.439629
1639149913,36.604515,-119.439629
1639149916,36.604202,-119.439964
1639149919,36.604137,-119.440254
1639149922,36.604183,-119.440598
1639149925,36.604183,-119.440598
1639149928,36.604145,-119.441299
1639149931,36.604343,-119.441986
1639149934,36.604343,-119.441986
1639149937,36.604294,-119.443199
1639149940,36.604286,-119.443268
1639149943,36.604267,-119.443687
1639149946,36.604248,-119.444038
1639149949,36.604073,-119.444313
1639149952,36.603977,-119.444992
1639149955,36.603931,-119.445786
1639149958,36.603931,-119.445786
1639149961,36.603943,-119.446587
1639149964,36.603951,-119.446754
1639149967,36.604004,-119.447144
1639149970,36.604004,-119.447144
1639149973,36.604153,-119.448219
1639149976,36.604153,-119.448219
1639149979,36.604118,-119.448685
1639149982,36.604118,-119.448685
1639149985,36.604141,-119.448662
1639149988,36.604156,-119.448654
1639149991,36.604248,-119.448639
1639149994,36.604248,-119.448639
1639149997,36.605083,-119.448540
1639150000,36.605324,-119.448555
1639150003,36.605762,-119.448669
1639150006,36.605762,-119.448669
1639150009,36.606373,-119.448196
1639150012,36.606548,-119.447617
1639150015,36.606552,-119.446938
1639150018,36.606552,-119.446938
1639150021,36.607426,-119.447693
1639150024,36.607750,-119.448318
1639150027,36.607822,-119.448349
1639150030,36.607822,-119.448349
1639150033,36.608215,-119.448463
1639150036,36.608562,-119.448792
1639150039,36.608784,-119.449028
1639150042,36.608784,-119.449028
1639150045,36.609371,-119.448853
1639150048,36.609524,-119.449020
1639150051,36.609673,-119.448944
1639150054,36.609673,-119.448944
1639150057,36.609848,-119.448997
1639150060,36.609867,-119.449211
1639150063,36.609798,-119.449493
1639150066,36.609798,-119.449493
1639150069,36.609737,-119.450134
1639150072,36.609634,-119.450623
1639150075,36.609615,-119.450874
1639150078,36.609615,-119.450874
1639150081,36.609352,-119.451416
1639150084,36.609226,-119.451523
1639150087,36.609165,-119.451172
1639150090,36.609165,-119.451172
1639150093,36.608597,-119.450897
1639150096,36.608311,-119.450851
1639150099,36.608021,-119.450874
1639150102,36.608021,-119.450874
1639150105,36.607750,-119.450874
1639150108,36.607784,-119.450836
1639150111,36.607784,-119.450836
1639150114,36.607750,-119.450768
1639150117,36.607788,-119.450714
1639150120,36.607758,-119.450668
1639150123,36.607788,-119.450623
1639150126,36.607746,-119.450554
1639150129,36.607754,-119.450424
1639150132,36.607704,-119.450043
1639150135,36.607704,-119.450043
1639150138,36.607704,-119.449348
1639150141,36.607731,-119.448921
1639150144,36.607758,-119.448730
1639150147,36.607758,-119.448730
1639150150,36.607750,-119.448486
1639150153,36.607735,-119.448425
1639150156,36.607262,-119.448708
1639150159,36.607262,-119.448708
1639150162,36.606316,-119.448814
1639150165,36.606316,-119.448814
1639150168,36.605789,-119.448906
1639150171,36.605789,-119.448906
1639150174,36.605152,-119.448593
1639150177,36.604546,-119.448540
1639150180,36.604126,-119.448631
1639150183,36.604126,-119.448631
1639150186,36.604225,-119.448769
1639150189,36.604275,-119.448776
1639150192,36.604290,-119.448769
1639150195,36.604290,-119.448769
1639150198,36.604282,-119.448761
1639150201,36.604282,-119.448761
1639150204,36.604271,-119.448761
1639150207,36.604271,-119.448761
1639150210,36.604305,-119.448761
1639150213,36.604298,-119.448769
1639150216,36.604301,-119.448761
1639150219,36.604301,-119.448761
1639150222,36.604290,-119.448769
1639150225,36.604210,-119.448730
1639150228,36.604141,-119.448769
1639150231,36.604141,-119.448769
1639150234,36.604111,-119.449242
1639150237,36.604050,-119.449753
1639150240,36.604240,-119.450348
1639150243,36.604240,-119.450348
1639150246,36.604370,-119.451225
1639150249,36.604366,-119.451866
1639150252,36.604439,-119.452461
1639150255,36.604439,-119.452461
1639150258,36.604485,-119.453362
1639150261,36.604397,-119.453842
1639150264,36.604397,-119.454369
1639150267,36.604397,-119.454369
1639150270,36.604340,-119.455818
1639150273,36.604053,-119.456520
1639150276,36.604130,-119.456825
1639150279,36.604130,-119.456825
1639150282,36.604137,-119.457565
1639150285,36.604118,-119.457703
1639150288,36.604103,-119.457565
1639150291,36.604103,-119.457565
1639150294,36.604038,-119.457397
1639150297,36.604073,-119.457329
1639150300,36.604820,-119.457497
1639150303,36.604820,-119.457497
1639150306,36.605515,-119.457626
1639150309,36.605812,-119.457527
1639150312,36.605953,-119.457329
1639150315,36.605953,-119.457329
1639150318,36.606480,-119.457306
1639150321,36.606602,-119.457466
1639150324,36.606728,-119.457893
1639150327,36.606728,-119.457893
1639150330,36.606865,-119.458168
1639150333,36.606693,-119.458572
1639150336,36.606518,-119.458717
1639150339,36.606518,-119.458717
1639150342,36.606110,-119.458633
1639150345,36.605888,-119.458588
1639150348,36.605762,-119.458611
1639150351,36.605762,-119.458611
1639150354,36.605457,-119.458778
1639150357,36.605640,-119.458733
1639150360,36.605198,-119.458717
1639150363,36.605198,-119.458717
1639150366,36.605343,-119.458015
1639150369,36.605343,-119.458015
1639150372,36.605515,-119.457855
1639150375,36.605515,-119.457855
1639150378,36.605686,-119.457642
1639150381,36.605717,-119.457596
1639150384,36.605461,-119.457581
1639150387,36.605461,-119.457581
1639150390,36.604961,-119.457504
1639150393,36.604958,-119.457535
1639150396,36.605049,-119.457642
1639150399,36.605049,-119.457642
1639150402,36.604942,-119.458107
1639150405,36.604958,-119.458221
1639150408,36.604900,-119.457962
1639150411,36.604900,-119.457962
1639150414,36.604912,-119.457848
1639150417,36.604900,-119.457733
1639150420,36.604866,-119.457680
1639150423,36.604866,-119.457680
1639150426,36.604980,-119.458580
1639150429,36.604706,-119.458633
1639150432,36.604000,-119.457825
1639150435,36.604000,-119.457825
1639150438,36.603603,-119.457634
1639150441,36.603466,-119.457657
1639150444,36.603291,-119.457771
1639150447,36.603291,-119.457771
1639150450,36.602882,-119.457970
1639150453,36.602604,-119.458122
1639150456,36.602398,-119.458199
1639150459,36.602398,-119.458199
1639150462,36.601467,-119.457901
1639150465,36.601250,-119.457855
1639150468,36.601143,-119.457878
1639150471,36.601143,-119.457878
1639150474,36.600887,-119.457870
1639150477,36.600891,-119.457909
1639150480,36.601135,-119.457993
1639150483,36.601135,-119.457993
1639150486,36.601097,-119.457489
1639150489,36.601162,-119.457603
1639150492,36.601116,-119.457321
1639150495,36.601116,-119.457321
1639150498,36.601147,-119.456856
1639150501,36.600887,-119.456749
1639150504,36.600708,-119.459824
1639150507,36.600708,-119.459824
1639150510,36.601250,-119.458214
1639150513,36.601292,-119.458092
1639150516,36.601311,-119.458031
1639150519,36.601311,-119.458031
1639150522,36.601330,-119.457977
1639150525,36.601120,-119.457352
1639150528,36.601120,-119.457352
1639150531,36.601120,-119.457352
1639150534,36.598515,-119.457382
1639150537,36.598507,-119.457375
1639150540,36.598587,-119.457275
1639150543,36.598587,-119.457275
1639150546,36.598560,-119.458038
1639150549,36.598560,-119.458038
1639150552,36.597641,-119.457825
1639150555,36.597641,-119.457825
1639150558,36.597641,-119.457825
1639150561,36.596779,-119.457924
1639150564,36.596741,-119.457916
1639150567,36.596741,-119.457916
1639150570,36.596203,-119.457901
1639150573,36.595898,-119.457756
1639150576,36.595627,-119.457619
1639150579,36.595627,-119.457619
1639150582,36.594814,-119.457886
1639150585,36.594437,-119.457939
1639150588,36.593914,-119.457909
1639150591,36.593914,-119.457909
1639150594,36.593185,-119.457878
1639150597,36.592873,-119.457878
1639150600,36.592693,-119.457878
1639150603,36.592693,-119.457878
1639150606,36.592224,-119.457825
1639150609,36.592201,-119.457687
1639150612,36.592201,-119.457649
1639150615,36.592201,-119.457649
1639150618,36.592014,-119.457474
1639150621,36.592117,-119.457397
1639150624,36.592136,-119.457382
1639150627,36.592136,-119.457382
1639150630,36.592163,-119.457367
1639150633,36.592163,-119.457367
1639150636,36.592163,-119.457367
1639150639,36.592163,-119.457367
1639150642,36.592163,-119.457367
1639150645,36.590099,-119.457458
1639150648,36.590164,-119.457367
1639150652,36.590164,-119.457367
1639150655,36.589867,-119.457413
1639150658,36.589676,-119.457489
1639150661,36.588932,-119.457497
1639150664,36.588932,-119.457497
1639150667,36.587593,-119.457390
1639150670,36.587238,-119.457375
1639150673,36.586971,-119.457336
1639150676,36.586971,-119.457336
1639150679,36.586201,-119.456902
1639150682,36.585964,-119.456871
1639150685,36.585964,-119.456871
1639150688,36.585575,-119.457047
1639150691,36.584824,-119.457336
1639150694,36.584572,-119.457481
1639150697,36.584431,-119.457573
1639150700,36.584431,-119.457573
1639150703,36.584297,-119.457649
1639150706,36.584156,-119.457565
1639150709,36.583973,-119.457535
1639150712,36.583973,-119.457535
1639150715,36.583973,-119.457535
1639150718,36.583065,-119.457443
1639150721,36.582588,-119.457428
1639150724,36.582588,-119.457428
1639150727,36.581451,-119.457558
1639150730,36.581074,-119.457588
1639150733,36.580830,-119.457588
1639150736,36.580830,-119.457588
1639150739,36.580700,-119.457588
1639150742,36.580593,-119.457596
1639150745,36.580616,-119.457451
1639150748,36.580616,-119.457451
1639150751,36.580616,-119.456848
1639150754,36.580585,-119.456665
1639150757,36.580540,-119.456406
1639150760,36.580540,-119.456406
1639150763,36.580276,-119.456039
1639150766,36.580235,-119.455963
1639150769,36.580292,-119.455620
1639150772,36.580292,-119.455620
1639150775,36.580292,-119.455620
1639150778,36.580585,-119.454109
1639150781,36.580578,-119.454041
1639150784,36.580578,-119.454041
1639150787,36.580517,-119.453461
1639150790,36.580517,-119.453461
1639150793,36.580650,-119.452812
1639150796,36.580650,-119.452812
1639150799,36.580692,-119.452789
1639150802,36.580784,-119.452637
1639150805,36.580830,-119.452522
1639150808,36.580830,-119.452522
1639150811,36.580765,-119.452194
1639150814,36.580719,-119.451759
1639150817,36.580635,-119.451149
1639150820,36.580635,-119.451149
1639150823,36.580650,-119.450951
1639150826,36.580631,-119.450920
1639150829,36.580639,-119.450890
1639150832,36.580639,-119.450890
1639150835,36.580772,-119.450363
1639150838,36.580799,-119.450378
1639150841,36.580868,-119.449966
1639150844,36.580868,-119.449966
1639150847,36.580685,-119.449417
1639150850,36.580715,-119.449203
1639150853,36.580746,-119.449112
1639150856,36.580746,-119.449112
1639150859,36.580818,-119.449028
1639150862,36.580784,-119.449036
1639150865,36.580906,-119.449112
1639150868,36.580906,-119.449112
1639150871,36.580906,-119.449112
1639150874,36.581619,-119.448647
1639150877,36.581825,-119.448616
1639150880,36.581825,-119.448616
1639150883,36.581825,-119.448616
1639150886,36.583157,-119.448860
1639150889,36.583519,-119.448914
1639150892,36.583519,-119.448914
1639150895,36.584274,-119.448875
1639150898,36.584274,-119.448875
1639150901,36.584084,-119.448868
1639150904,36.584084,-119.448868
1639150907,36.584637,-119.448814
1639150910,36.584900,-119.448639
1639150913,36.585106,-119.448814
1639150916,36.585106,-119.448814
1639150919,36.585598,-119.448952
1639150922,36.586216,-119.449005
1639150925,36.586662,-119.448914
1639150928,36.586662,-119.448914
1639150931,36.587528,-119.448944
1639150934,36.587997,-119.448753
1639150937,36.588387,-119.448730
1639150940,36.588387,-119.448730
1639150943,36.588917,-119.448746
1639150946,36.588917,-119.448746
1639150949,36.589417,-119.448677
1639150952,36.589417,-119.448677
1639150955,36.589695,-119.448433
1639150958,36.589928,-119.448456
1639150961,36.589912,-119.448395
1639150964,36.589912,-119.448395
1639150967,36.589920,-119.448280
1639150970,36.589279,-119.447685
1639150973,36.589279,-119.447685
1639150976,36.589802,-119.448334
1639150979,36.589798,-119.448334
1639150982,36.589699,-119.448166
1639150985,36.589699,-119.448166
1639150988,36.589359,-119.447662
1639150991,36.589359,-119.447662
1639150994,36.589359,-119.447662
1639150997,36.589359,-119.447662
1639151000,36.589359,-119.447662
1639151003,36.589359,-119.447662
1639151006,36.589359,-119.447662
1639151009,36.589359,-119.447662
1639151012,36.590061,-119.444313
1639151015,36.590164,-119.444710
1639151018,36.590343,-119.444832
1639151021,36.590343,-119.444832
1639151024,36.590057,-119.444611
1639151027,36.590012,-119.444237
1639151030,36.589916,-119.444229
1639151033,36.589916,-119.444229
1639151036,36.589859,-119.444267
1639151039,36.589779,-119.444275
1639151042,36.589695,-119.444237
1639151045,36.589695,-119.444237
1639151048,36.589603,-119.444237
1639151051,36.589603,-119.444237
1639151054,36.589664,-119.444115
1639151057,36.589664,-119.444115
1639151060,36.589695,-119.443970
1639151063,36.590191,-119.443871
1639151066,36.590446,-119.443878
1639151069,36.590446,-119.443878
1639151072,36.590717,-119.443817
1639151075,36.590778,-119.443810
1639151078,36.590797,-119.443741
1639151081,36.590797,-119.443741
1639151084,36.590530,-119.442947
1639151087,36.590607,-119.442520
1639151090,36.590584,-119.442169
1639151093,36.590584,-119.442169
1639151096,36.590603,-119.441528
1639151099,36.590664,-119.441368
1639151102,36.590744,-119.441025
1639151105,36.590744,-119.441025
1639151108,36.590733,-119.440475
1639151111,36.590755,-119.440117
1639151114,36.590614,-119.439598
1639151117,36.590614,-119.439598
1639151120,36.590492,-119.439232
1639151123,36.590504,-119.439461
1639151126,36.590477,-119.439468
1639151129,36.590477,-119.439468
1639151132,36.590160,-119.439568
1639151135,36.590038,-119.439636
1639151138,36.589870,-119.440132
1639151141,36.589870,-119.440132
1639151144,36.589832,-119.440727
1639151147,36.589802,-119.440834
1639151150,36.589855,-119.440720
1639151153,36.589855,-119.440720
1639151156,36.589909,-119.441322
1639151159,36.589931,-119.441544
1639151162,36.589863,-119.442024
1639151165,36.589863,-119.442024
1639151168,36.589874,-119.442482
1639151171,36.589886,-119.442574
1639151174,36.590088,-119.442841
1639151177,36.590088,-119.442841
1639151180,36.589626,-119.443291
1639151183,36.589554,-119.443588
1639151186,36.589577,-119.443871
1639151189,36.589577,-119.443871
1639151192,36.589596,-119.444214
1639151195,36.589661,-119.444283
1639151198,36.589645,-119.444260
1639151201,36.589645,-119.444260
1639151204,36.589687,-119.444321
1639151207,36.589741,-119.444374
1639151210,36.589909,-119.444717
1639151213,36.589909,-119.444717
1639151216,36.589909,-119.444717
1639151219,36.589909,-119.444717
1639151222,36.589909,-119.444717
1639151225,36.589909,-119.444717
1639151228,36.589909,-119.444717
1639151231,36.589909,-119.444717
1639151234,36.589909,-119.444717
1639151237,36.589909,-119.444717
1639151240,36.589909,-119.444717
1639151243,36.589584,-119.447807
1639151246,36.589169,-119.447670
1639151249,36.589169,-119.447670
1639151252,36.589439,-119.447952
1639151255,36.589764,-119.448273
1639151258,36.589840,-119.448357
1639151261,36.589840,-119.448357
1639151264,36.589893,-119.448418
1639151267,36.589828,-119.448402
1639151270,36.589806,-119.448364
1639151273,36.589806,-119.448364
1639151276,36.589809,-119.448349
1639151279,36.589821,-119.448364
1639151282,36.589802,-119.448334
1639151285,36.589802,-119.448334
1639151288,36.589783,-119.448387
1639151291,36.589989,-119.448662
1639151294,36.589970,-119.448669
1639151297,36.589970,-119.448669
1639151300,36.589561,-119.448494
1639151303,36.589153,-119.448814
1639151306,36.588921,-119.448898
1639151309,36.588921,-119.448898
1639151312,36.588207,-119.448845
1639151315,36.588078,-119.448730
1639151318,36.587570,-119.448853
1639151321,36.587570,-119.448853
1639151324,36.586716,-119.448929
1639151327,36.586414,-119.448959
1639151330,36.585934,-119.448952
1639151333,36.585934,-119.448952
1639151336,36.585117,-119.448959
1639151339,36.584785,-119.448784
1639151342,36.584488,-119.448875
1639151345,36.584488,-119.448875
1639151348,36.584194,-119.448792
1639151351,36.584221,-119.448822
1639151354,36.584450,-119.449043
1639151357,36.584450,-119.449043
1639151360,36.583626,-119.448982
1639151363,36.583099,-119.449020
1639151366,36.582844,-119.449074
1639151369,36.582844,-119.449074
1639151372,36.581882,-119.448898
1639151375,36.581509,-119.448784
1639151378,36.581055,-119.448822
1639151381,36.581055,-119.448822
1639151384,36.579937,-119.448959
1639151387,36.579323,-119.449203
1639151390,36.578949,-119.449272
1639151393,36.578949,-119.449272
1639151396,36.578949,-119.449272
1639151399,36.578949,-119.449272
1639151402,36.578949,-119.449272
1639151405,36.578949,-119.449272
1639151408,36.578949,-119.449272
1639151411,36.578949,-119.449272
1639151414,36.578949,-119.449272
1639151417,36.578949,-119.449272
1639151420,36.573944,-119.448318
1639151423,36.573944,-119.448318
1639151426,36.573944,-119.448318
1639151429,36.573944,-119.448318
1639151432,36.571220,-119.449310
1639151435,36.571220,-119.449310
1639151438,36.571220,-119.449310
1639151441,36.571220,-119.449310
1639151444,36.571220,-119.449310
1639151447,36.571220,-119.449310
1639151450,36.571220,-119.449310
1639151454,36.571220,-119.449310
1639151457,36.571220,-119.449310
1639151460,36.571220,-119.449310
1639151463,36.571220,-119.449310
1639151466,36.571220,-119.449310
1639151469,36.571220,-119.449310
1639151472,36.571220,-119.449310
1639151475,36.561272,-119.449013
1639151478,36.561272,-119.449013
1639151481,36.561272,-119.449005
1639151484,36.561272,-119.449005
1639151487,36.561272,-119.449005
1639151490,36.561272,-119.449005
1639151493,36.561272,-119.449005
1639151496,36.561272,-119.449005
1639151499,36.561272,-119.449005
1639151502,36.561272,-119.449005
1639151505,36.561272,-119.449005
1639151508,36.561272,-119.449005
1639151511,36.561272,-119.449005
1639151514,36.561272,-119.449005
1639151517,36.561272,-119.449005
1639151520,36.561272,-119.449005
1639151523,36.561272,-119.449005
1639151526,36.561272,-119.449005
1639151529,36.561272,-119.449005
1639151532,36.561272,-119.449005
1639151535,36.561272,-119.449005
1639151538,36.561272,-119.449005
1639151541,36.561272,-119.449005
1639151544,36.561272,-119.449005
1639151547,36.561272,-119.449005
1639151550,36.561272,-119.449005
1639151553,36.561272,-119.449005
1639151556,36.561272,-119.449005
1639151559,36.561272,-119.449005
1639151562,36.561272,-119.449005
1639151565,36.561272,-119.449005
1639151568,36.561272,-119.449005
1639151571,36.561272,-119.449005
1639151574,36.561272,-119.449005
1639151577,36.561272,-119.449005
1639151580,36.561272,-119.449005
1639151583,36.561272,-119.449005
1639151586,36.561272,-119.449005
1639151589,36.561272,-119.449005
1639151592,36.561272,-119.449005
1639151595,36.561272,-119.449005
1639151598,36.561272,-119.449005
1639151601,36.561272,-119.449005
1639151604,36.546417,-119.449135
1639151607,36.546169,-119.448975
1639151610,36.546169,-119.448975
1639151613,36.546070,-119.448906
1639151616,36.546070,-119.448906
1639151619,36.546070,-119.448906
1639151622,36.546070,-119.448906
1639151625,36.546070,-119.448906
1639151628,36.546070,-119.448906
1639151631,36.546070,-119.448906
1639151634,36.546070,-119.448906
1639151637,36.546070,-119.448906
1639151640,36.546070,-119.448906
1639151643,36.546070,-119.448906
1639151646,36.546070,-119.448906
1639151649,36.545544,-119.439041
1639151652,36.545544,-119.439041
1639151655,36.545612,-119.438934
1639151658,36.545612,-119.438934
1639151661,36.545525,-119.438553
1639151664,36.545525,-119.438553
1639151667,36.546654,-119.433868
1639151670,36.546654,-119.433868
1639151673,36.546654,-119.433868
1639151676,36.546535,-119.433868
1639151679,36.546532,-119.433876
1639151682,36.546532,-119.433876
1639151685,36.546539,-119.433006
1639151688,36.546539,-119.432816
1639151691,36.546539,-119.432816
1639151694,36.546539,-119.432816
1639151697,36.546539,-119.432816
1639151700,36.545277,-119.428146
1639151703,36.546467,-119.426781
1639151706,36.546467,-119.426781
1639151709,36.546570,-119.426666
1639151712,36.546532,-119.426704
1639151715,36.546555,-119.426689
1639151718,36.546555,-119.426689
1639151721,36.546516,-119.426376
1639151724,36.546547,-119.426437
1639151727,36.545902,-119.424591
1639151730,36.545902,-119.424591
1639151733,36.546005,-119.422981
1639151736,36.546352,-119.421989
1639151739,36.546436,-119.421631
1639151742,36.546436,-119.421631
1639151745,36.546291,-119.420456
1639151748,36.546539,-119.419769
1639151751,36.546494,-119.418976
1639151754,36.546494,-119.418976
1639151757,36.546604,-119.417870
1639151760,36.546413,-119.417267
1639151763,36.546307,-119.416168
1639151766,36.546307,-119.416168
1639151769,36.546230,-119.415199
1639151772,36.546284,-119.414619
1639151775,36.546253,-119.414108
1639151778,36.546253,-119.414108
1639151781,36.546097,-119.413239
1639151784,36.546009,-119.413193
1639151787,36.546013,-119.413239
1639151790,36.546013,-119.413239
1639151793,36.545792,-119.412682
1639151796,36.545761,-119.412491
1639151799,36.545631,-119.412209
1639151802,36.545631,-119.412209
1639151805,36.545525,-119.411591
1639151808,36.545525,-119.411591
1639151811,36.545425,-119.410912
1639151814,36.545425,-119.410912
1639151817,36.545372,-119.409111
1639151820,36.545399,-119.408165
1639151823,36.545506,-119.407623
1639151826,36.545506,-119.407623
1639151829,36.545815,-119.405952
1639151832,36.546024,-119.405594
1639151835,36.546082,-119.405388
1639151838,36.546082,-119.405388
1639151841,36.546219,-119.404526
1639151844,36.546173,-119.403915
1639151847,36.546215,-119.403671
1639151850,36.546215,-119.403671
1639151853,36.546242,-119.403496
1639151856,36.546242,-119.403496
1639151859,36.545696,-119.403969
1639151862,36.545696,-119.403969
1639151865,36.545170,-119.403954
1639151868,36.544765,-119.404121
1639151871,36.544186,-119.404373
1639151874,36.544186,-119.404373
1639151877,36.543373,-119.404640
1639151880,36.543167,-119.404953
1639151883,36.543037,-119.404663
1639151886,36.543037,-119.404663
1639151889,36.543514,-119.404480
1639151892,36.543484,-119.404472
1639151895,36.543312,-119.404549
1639151898,36.543312,-119.404549
1639151901,36.543392,-119.404755
1639151904,36.543835,-119.404572
1639151907,36.543831,-119.404579
1639151910,36.543831,-119.404579
1639151913,36.543701,-119.404816
1639151916,36.543194,-119.404510
1639151919,36.542942,-119.403481
1639151922,36.542942,-119.403481
1639151925,36.542698,-119.403236
1639151928,36.542740,-119.403137
1639151931,36.542801,-119.403145
1639151934,36.542801,-119.403145
1639151937,36.542801,-119.402733
1639151940,36.542812,-119.402527
1639151943,36.542839,-119.402245
1639151946,36.542839,-119.402245
1639151949,36.542881,-119.401741
1639151952,36.542881,-119.401741
1639151955,36.542881,-119.401741
1639151958,36.542881,-119.401741
1639151961,36.542881,-119.401741
1639151964,36.542881,-119.401741
1639151967,36.542881,-119.401741
1639151970,36.542881,-119.401741
1639151973,36.541073,-119.404587
1639151976,36.542236,-119.395966
1639151979,36.542236,-119.395966
1639151982,36.542236,-119.395966
1639151985,36.541668,-119.395561
1639151988,36.541603,-119.395508
1639151991,36.541576,-119.395493
1639151994,36.541576,-119.395493
1639151997,36.541553,-119.395470
1639152000,36.541550,-119.395470
1639152003,36.541546,-119.395462
1639152006,36.541546,-119.395462
1639152009,36.541550,-119.395462
1639152012,36.541859,-119.395576
1639152015,36.541897,-119.395348
1639152018,36.541897,-119.395348
1639152021,36.541809,-119.395363
1639152024,36.541809,-119.395363
1639152027,36.542645,-119.394966
1639152030,36.542645,-119.394966
1639152033,36.543335,-119.394157
1639152036,36.543320,-119.394150
1639152039,36.543320,-119.394150
1639152042,36.544384,-119.394783
1639152045,36.544384,-119.394783
1639152048,36.544579,-119.394783
1639152051,36.544907,-119.394791
1639152054,36.544979,-119.394562
1639152057,36.544609,-119.394272
1639152060,36.544144,-119.394058
1639152063,36.544144,-119.394058
1639152066,36.543610,-119.393539
1639152069,36.543449,-119.393318
1639152072,36.543190,-119.393074
1639152075,36.543190,-119.393074
1639152078,36.542606,-119.392159
1639152081,36.542454,-119.391876
1639152084,36.542141,-119.391670
1639152087,36.542141,-119.391670
1639152090,36.541836,-119.391342
1639152093,36.541801,-119.391411
1639152096,36.541763,-119.391487
1639152099,36.541763,-119.391487
1639152102,36.541794,-119.391701
1639152105,36.541809,-119.391747
1639152108,36.541847,-119.391754
1639152111,36.541847,-119.391754
1639152114,36.541916,-119.391922
1639152117,36.541916,-119.391922
1639152120,36.542088,-119.392334
1639152123,36.542088,-119.392334
1639152126,36.542213,-119.392776
1639152129,36.542244,-119.392654
1639152132,36.542286,-119.392624
1639152135,36.542286,-119.392624
1639152138,36.542206,-119.392220
1639152141,36.542229,-119.392166
1639152144,36.542164,-119.391983
1639152147,36.542164,-119.391983
1639152150,36.541859,-119.391739
1639152153,36.541763,-119.391640
1639152156,36.541401,-119.391472
1639152159,36.541401,-119.391472
