1639188634,36.542305,-119.392799
1639188637,36.542130,-119.392899
1639188640,36.541595,-119.392693
1639188643,36.541534,-119.392677
1639188646,36.541500,-119.392715
1639188649,36.541496,-119.392708
1639188652,36.541496,-119.392708
1639188655,36.541496,-119.392708
1639188658,36.541496,-119.392708
1639188661,36.541496,-119.392708
1639188664,36.541508,-119.392715
1639188667,36.541527,-119.392746
1639188670,36.541611,-119.392883
1639188673,36.541763,-119.393082
1639188676,36.541954,-119.393303
1639188679,36.542164,-119.393547
1639188682,36.542397,-119.393806
1639188685,36.542637,-119.394081
1639188688,36.542885,-119.394356
1639188691,36.543072,-119.394585
1639188694,36.543163,-119.394791
1639188697,36.543194,-119.394875
1639188700,36.543217,-119.394913
1639188703,36.543354,-119.394981
1639188706,36.543610,-119.394989
1639188709,36.543941,-119.394989
1639188712,36.544308,-119.394981
1639188715,36.544689,-119.394981
1639188718,36.545071,-119.394966
1639188721,36.545403,-119.394966
1639188724,36.545624,-119.394966
1639188727,36.545719,-119.394966
1639188730,36.545723,-119.394958
1639188733,36.545715,-119.394958
1639188736,36.545708,-119.394958
1639188739,36.545704,-119.394958
1639188742,36.545700,-119.394958
1639188745,36.545700,-119.394958
1639188748,36.545700,-119.394958
1639188751,36.545700,-119.394958
1639188754,36.545700,-119.394958
1639188757,36.545700,-119.394958
1639188760,36.545700,-119.394958
1639188763,36.545700,-119.394958
1639188766,36.545700,-119.394958
1639188769,36.545700,-119.394958
1639188772,36.545700,-119.394958
1639188775,36.545700,-119.394958
1639188778,36.545727,-119.394958
1639188781,36.545826,-119.394943
1639188784,36.546001,-119.394958
1639188787,36.546131,-119.394966
1639188790,36.546207,-119.394966
1639188793,36.546383,-119.394974
1639188796,36.546703,-119.394997
1639188799,36.547054,-119.395012
1639188802,36.547432,-119.395012
1639188805,36.547840,-119.395020
1639188808,36.548248,-119.395027
1639188811,36.548668,-119.395020
1639188814,36.549095,-119.395012
1639188817,36.549526,-119.395012
1639188820,36.549953,-119.395020
1639188823,36.550400,-119.395020
1639188826,36.550846,-119.395020
1639188829,36.551296,-119.395020
1639188832,36.551693,-119.395012
1639188835,36.552090,-119.395012
1639188838,36.552456,-119.395020
1639188841,36.552818,-119.395020
1639188844,36.553192,-119.395020
1639188847,36.553577,-119.395012
1639188850,36.553883,-119.395004
1639188853,36.554081,-119.395004
1639188856,36.554142,-119.395004
1639188859,36.554142,-119.395004
1639188862,36.554138,-119.395004
1639188865,36.554134,-119.394997
1639188868,36.554138,-119.394997
1639188871,36.554138,-119.394997
1639188874,36.554138,-119.394997
1639188877,36.554138,-119.394997
1639188880,36.554138,-119.394997
1639188883,36.554138,-119.394997
1639188886,36.554134,-119.394997
1639188889,36.554184,-119.395020
1639188892,36.554329,-119.395042
1639188895,36.554577,-119.395073
1639188898,36.554913,-119.395088
1639188901,36.555313,-119.395096
1639188904,36.555737,-119.395103
1639188907,36.556190,-119.395126
1639188910,36.556686,-119.395134
1639188913,36.557217,-119.395134
1639188916,36.557781,-119.395134
1639188919,36.558338,-119.395149
1639188922,36.558899,-119.395164
1639188925,36.559422,-119.395172
1639188928,36.559834,-119.395172
1639188931,36.560108,-119.395172
1639188934,36.560265,-119.395172
1639188937,36.560314,-119.395172
1639188940,36.560333,-119.395172
1639188943,36.560356,-119.395172
1639188946,36.560371,-119.395172
1639188949,36.560352,-119.395172
1639188952,36.560352,-119.395172
1639188955,36.560352,-119.395172
1639188958,36.560352,-119.395172
1639188961,36.560352,-119.395172
1639188964,36.560345,-119.395172
1639188967,36.560493,-119.395149
1639188970,36.560749,-119.395149
1639188973,36.561104,-119.395149
1639188976,36.561543,-119.395149
1639188979,36.562038,-119.395164
1639188982,36.562580,-119.395172
1639188985,36.563141,-119.395172
1639188988,36.563717,-119.395164
1639188991,36.564304,-119.395164
1639188994,36.564911,-119.395149
1639188997,36.565502,-119.395134
1639189000,36.566074,-119.395119
1639189003,36.566631,-119.395111
1639189006,36.567169,-119.395096
1639189009,36.567715,-119.395103
1639189012,36.568279,-119.395111
1639189015,36.568867,-119.395103
1639189018,36.569481,-119.395096
1639189021,36.570110,-119.395088
1639189024,36.570740,-119.395088
1639189027,36.571381,-119.395081
1639189030,36.572006,-119.395081
1639189033,36.572609,-119.395081
1639189036,36.573196,-119.395073
1639189039,36.573730,-119.395065
1639189042,36.574181,-119.395065
1639189045,36.574539,-119.395065
1639189048,36.574814,-119.395065
1639189051,36.574978,-119.395203
1639189054,36.575020,-119.395470
1639189057,36.575024,-119.395851
1639189060,36.575027,-119.396339
1639189063,36.575035,-119.396896
1639189066,36.575039,-119.397507
1639189069,36.575043,-119.398155
1639189072,36.575047,-119.398819
1639189075,36.575054,-119.399475
1639189078,36.575054,-119.400124
1639189081,36.575054,-119.400795
1639189084,36.575054,-119.401474
1639189087,36.575050,-119.402145
1639189090,36.575058,-119.402802
1639189093,36.575066,-119.403481
1639189096,36.575073,-119.404190
1639189099,36.575081,-119.404907
1639189102,36.575092,-119.405624
1639189105,36.575100,-119.406326
1639189108,36.575111,-119.407013
1639189111,36.575115,-119.407692
1639189114,36.575115,-119.408379
1639189117,36.575123,-119.409073
1639189120,36.575130,-119.409760
1639189124,36.575142,-119.410439
1639189126,36.575157,-119.411049
1639189129,36.575172,-119.411613
1639189132,36.575199,-119.412125
1639189135,36.575230,-119.412529
1639189138,36.575298,-119.412781
1639189141,36.575428,-119.412926
1639189144,36.575657,-119.413017
1639189147,36.575993,-119.413010
1639189150,36.576427,-119.413002
1639189153,36.576923,-119.413002
1639189157,36.577450,-119.413002
1639189160,36.577450,-119.413002
1639189163,36.577988,-119.413010
1639189166,36.579094,-119.413002
1639189169,36.579094,-119.413002
1639189172,36.580013,-119.413002
1639189175,36.580662,-119.412987
1639189178,36.580662,-119.412987
1639189181,36.581657,-119.412994
1639189184,36.581657,-119.412994
1639189187,36.582230,-119.412994
1639189190,36.582230,-119.412994
1639189193,36.582375,-119.413139
1639189196,36.582375,-119.413139
1639189199,36.582371,-119.413246
1639189202,36.582371,-119.413834
1639189205,36.582371,-119.413834
1639189208,36.582378,-119.414284
1639189211,36.582386,-119.414787
1639189214,36.582390,-119.415787
1639189217,36.582390,-119.415787
1639189220,36.582481,-119.416771
1639189223,36.582478,-119.417313
1639189226,36.582466,-119.417862
1639189229,36.582458,-119.418411
1639189232,36.582451,-119.418983
1639189235,36.582451,-119.418983
1639189238,36.582443,-119.419563
1639189241,36.582436,-119.420715
1639189244,36.582436,-119.420715
1639189247,36.582447,-119.421837
1639189250,36.582447,-119.421837
1639189253,36.582436,-119.422798
1639189256,36.582436,-119.422798
1639189259,36.582432,-119.423737
1639189262,36.582432,-119.423737
1639189265,36.582420,-119.424774
1639189268,36.582420,-119.424774
1639189271,36.582409,-119.425827
1639189274,36.582409,-119.425827
1639189277,36.582462,-119.426399
1639189280,36.582462,-119.426399
1639189283,36.582706,-119.426399
1639189286,36.582706,-119.426399
1639189289,36.582684,-119.426117
1639189292,36.582684,-119.426117
1639189295,36.582691,-119.425995
1639189298,36.582691,-119.425995
1639189301,36.582703,-119.425987
1639189304,36.582695,-119.425987
1639189307,36.582695,-119.425987
1639189310,36.582668,-119.426033
1639189313,36.582668,-119.426033
1639189316,36.582668,-119.426033
1639189319,36.582668,-119.426033
1639189322,36.582668,-119.426033
1639189325,36.582668,-119.426033
1639189328,36.582668,-119.426033
1639189331,36.582668,-119.426033
1639189334,36.582668,-119.426033
1639189337,36.582668,-119.426033
1639189340,36.582668,-119.426033
1639189343,36.582668,-119.426033
1639189346,36.582668,-119.426033
1639189349,36.582668,-119.426033
1639189352,36.582653,-119.426018
1639189355,36.582657,-119.426033
1639189358,36.582657,-119.426033
1639189361,36.582668,-119.426056
1639189364,36.582668,-119.426056
1639189367,36.582668,-119.426056
1639189370,36.582668,-119.426056
1639189373,36.582668,-119.426056
1639189376,36.582668,-119.426056
1639189379,36.582668,-119.426056
1639189382,36.582661,-119.426071
1639189385,36.582661,-119.426071
1639189388,36.582661,-119.426071
1639189391,36.582661,-119.426071
1639189394,36.582661,-119.426071
1639189397,36.582661,-119.426071
1639189400,36.582661,-119.426071
1639189403,36.582661,-119.426071
1639189406,36.582664,-119.426048
1639189409,36.582691,-119.426048
1639189412,36.582691,-119.426056
1639189415,36.582699,-119.426056
1639189418,36.582699,-119.426056
1639189421,36.582699,-119.426056
1639189424,36.582699,-119.426056
1639189427,36.582699,-119.426056
1639189430,36.582699,-119.426056
1639189433,36.582699,-119.426056
1639189436,36.582699,-119.426056
1639189439,36.582699,-119.426056
1639189442,36.582699,-119.426056
1639189445,36.582699,-119.426056
1639189448,36.582699,-119.426056
1639189451,36.582699,-119.426056
1639189454,36.582699,-119.426056
1639189457,36.582699,-119.426056
1639189460,36.582684,-119.426064
1639189463,36.582680,-119.426064
1639189466,36.582680,-119.426064
1639189469,36.582680,-119.426064
1639189472,36.582680,-119.426064
1639189475,36.582680,-119.426064
1639189478,36.582680,-119.426064
1639189481,36.582680,-119.426064
1639189484,36.582676,-119.426056
1639189487,36.582676,-119.426056
1639189490,36.582676,-119.426056
1639189493,36.582676,-119.426056
1639189496,36.582676,-119.426056
1639189499,36.582676,-119.426056
1639189502,36.582676,-119.426056
1639189505,36.582676,-119.426056
1639189508,36.582676,-119.426056
1639189511,36.582676,-119.426056
1639189514,36.582676,-119.426056
1639189517,36.582676,-119.426056
1639189520,36.582676,-119.426056
1639189523,36.582676,-119.426056
1639189526,36.582676,-119.426056
1639189529,36.582676,-119.426056
1639189532,36.582676,-119.426056
1639189535,36.582676,-119.426056
1639189538,36.582676,-119.426056
1639189541,36.582676,-119.426056
1639189544,36.582676,-119.426056
1639189547,36.582676,-119.426056
1639189550,36.582676,-119.426056
1639189553,36.582676,-119.426056
1639189556,36.582676,-119.426056
1639189559,36.582676,-119.426056
1639189562,36.582676,-119.426056
1639189565,36.582626,-119.426056
1639189568,36.582626,-119.426064
1639189571,36.582611,-119.426079
1639189574,36.582615,-119.426079
1639189577,36.582615,-119.426079
1639189580,36.582615,-119.426079
1639189583,36.582615,-119.426079
1639189586,36.582615,-119.426079
1639189589,36.582623,-119.426071
1639189592,36.582626,-119.426056
1639189595,36.582626,-119.426025
1639189598,36.582630,-119.425911
1639189601,36.582684,-119.425819
1639189604,36.582767,-119.425835
1639189607,36.582809,-119.425941
1639189610,36.582809,-119.426086
1639189613,36.582748,-119.426239
1639189616,36.582703,-119.426361
1639189619,36.582680,-119.426399
1639189622,36.582642,-119.426453
1639189625,36.582542,-119.426506
1639189628,36.582466,-119.426529
1639189631,36.582394,-119.426628
1639189634,36.582390,-119.426880
1639189637,36.582397,-119.427231
1639189640,36.582405,-119.427635
1639189643,36.582409,-119.428085
1639189646,36.582413,-119.428566
1639189649,36.582420,-119.429054
1639189652,36.582500,-119.429504
1639189655,36.582668,-119.429916
1639189658,36.582844,-119.430305
1639189661,36.582970,-119.430603
1639189664,36.583031,-119.430756
1639189667,36.583046,-119.430794
1639189670,36.583042,-119.430801
1639189673,36.583042,-119.430801
1639189676,36.583042,-119.430801
1639189679,36.583042,-119.430801
1639189682,36.583042,-119.430801
1639189685,36.583046,-119.430779
1639189688,36.583134,-119.430817
1639189691,36.583363,-119.430832
1639189694,36.583672,-119.430840
1639189697,36.584045,-119.430847
1639189700,36.584450,-119.430840
1639189703,36.584885,-119.430840
1639189706,36.585335,-119.430847
1639189709,36.585793,-119.430847
1639189712,36.586224,-119.430847
1639189715,36.586632,-119.430855
1639189718,36.587029,-119.430862
1639189721,36.587429,-119.430870
1639189724,36.587856,-119.430870
1639189727,36.588306,-119.430878
1639189730,36.588749,-119.430878
1639189733,36.589142,-119.430885
1639189736,36.589409,-119.430893
1639189739,36.589584,-119.430771
1639189742,36.589771,-119.430733
1639189745,36.589989,-119.430809
1639189748,36.590298,-119.430855
1639189751,36.590649,-119.430870
1639189754,36.591038,-119.430885
1639189757,36.591423,-119.430901
1639189760,36.591820,-119.430908
1639189763,36.592224,-119.430916
1639189766,36.592617,-119.430923
1639189769,36.592999,-119.430923
1639189772,36.593380,-119.430916
1639189775,36.593796,-119.430916
1639189778,36.594204,-119.430923
1639189781,36.594593,-119.430923
1639189784,36.594975,-119.430923
1639189787,36.595367,-119.430916
1639189790,36.595764,-119.430916
1639189793,36.596149,-119.430908
1639189796,36.596546,-119.430908
1639189799,36.596970,-119.430908
1639189802,36.597424,-119.430908
1639189805,36.597904,-119.430901
1639189808,36.598392,-119.430901
1639189811,36.598892,-119.430901
1639189814,36.599392,-119.430893
1639189817,36.599892,-119.430901
1639189820,36.600376,-119.430893
1639189823,36.600842,-119.430901
1639189826,36.601303,-119.430901
1639189829,36.601788,-119.430901
1639189832,36.602261,-119.430885
1639189835,36.602692,-119.430885
1639189838,36.603092,-119.430878
1639189841,36.603447,-119.430893
1639189844,36.603714,-119.430916
1639189847,36.603886,-119.430923
1639189850,36.603931,-119.430923
1639189853,36.603943,-119.430923
1639189856,36.603962,-119.430923
1639189859,36.603970,-119.430923
1639189862,36.603970,-119.430923
1639189865,36.603970,-119.430923
1639189868,36.603970,-119.430923
1639189871,36.603970,-119.430923
1639189874,36.603970,-119.430923
1639189877,36.603954,-119.430923
1639189880,36.604061,-119.430954
1639189883,36.604172,-119.431129
1639189886,36.604183,-119.431480
1639189889,36.604179,-119.431938
1639189892,36.604183,-119.432457
1639189895,36.604183,-119.432976
1639189898,36.604179,-119.433487
1639189901,36.604176,-119.433990
1639189904,36.604176,-119.434494
1639189907,36.604172,-119.434982
1639189910,36.604164,-119.435478
1639189913,36.604160,-119.435966
1639189916,36.604164,-119.436447
1639189919,36.604172,-119.436928
1639189922,36.604176,-119.437401
1639189925,36.604176,-119.437874
1639189928,36.604183,-119.438354
1639189931,36.604191,-119.438805
1639189934,36.604195,-119.439148
1639189937,36.604198,-119.439377
1639189940,36.604206,-119.439499
1639189943,36.604195,-119.439674
1639189946,36.604195,-119.439964
1639189949,36.604198,-119.440315
1639189952,36.604206,-119.440697
1639189956,36.604206,-119.441101
1639189958,36.604210,-119.441536
1639189961,36.604210,-119.441971
1639189964,36.604206,-119.442413
1639189967,36.604206,-119.442856
1639189970,36.604206,-119.443291
1639189973,36.604210,-119.443710
1639189976,36.604214,-119.444099
1639189979,36.604218,-119.444504
1639189982,36.604221,-119.444931
1639189985,36.604229,-119.445374
1639189988,36.604233,-119.445824
1639189991,36.604237,-119.446259
1639189994,36.604237,-119.446686
1639189997,36.604244,-119.447113
1639190001,36.604240,-119.447510
1639190004,36.604240,-119.447510
1639190007,36.604252,-119.448196
1639190010,36.604252,-119.448196
1639190013,36.604359,-119.448700
1639190016,36.604568,-119.448715
1639190019,36.604568,-119.448715
1639190022,36.605183,-119.448700
1639190025,36.605183,-119.448700
1639190028,36.605927,-119.448700
1639190031,36.605927,-119.448700
1639190034,36.606731,-119.448692
1639190037,36.606731,-119.448692
1639190040,36.607121,-119.448700
1639190043,36.607418,-119.448700
1639190046,36.607681,-119.448708
1639190049,36.607681,-119.448708
1639190052,36.607693,-119.448708
1639190055,36.608028,-119.448715
1639190058,36.608028,-119.448715
1639190061,36.608681,-119.448700
1639190064,36.608681,-119.448700
1639190067,36.609383,-119.448730
1639190070,36.609383,-119.448730
1639190073,36.609653,-119.448845
1639190076,36.609653,-119.448845
1639190079,36.609650,-119.449081
1639190082,36.609657,-119.449852
1639190085,36.609657,-119.449852
1639190088,36.609673,-119.450645
1639190091,36.609673,-119.450645
1639190094,36.609486,-119.450981
1639190097,36.609486,-119.450981
1639190100,36.608917,-119.450966
1639190103,36.608917,-119.450966
1639190106,36.608376,-119.450966
1639190109,36.608376,-119.450966
1639190112,36.608120,-119.450981
1639190115,36.608059,-119.450989
1639190118,36.608036,-119.450989
1639190121,36.608021,-119.450989
1639190124,36.608021,-119.450989
1639190127,36.608021,-119.450989
1639190130,36.608021,-119.450989
1639190133,36.608021,-119.450989
1639190136,36.608009,-119.451004
1639190139,36.608009,-119.451004
1639190142,36.608009,-119.451004
1639190145,36.608009,-119.451004
1639190148,36.608009,-119.451004
1639190151,36.608017,-119.451004
1639190154,36.608017,-119.451004
1639190157,36.608017,-119.451004
1639190160,36.608009,-119.451012
1639190163,36.608009,-119.451012
1639190166,36.608006,-119.451004
1639190169,36.607960,-119.450981
1639190172,36.607948,-119.450989
1639190175,36.607948,-119.450989
1639190178,36.607944,-119.450974
1639190181,36.607880,-119.450478
1639190184,36.607880,-119.450478
1639190187,36.607895,-119.449745
1639190190,36.607895,-119.449745
1639190193,36.607811,-119.449036
1639190196,36.607777,-119.448944
1639190199,36.607773,-119.448944
1639190202,36.607769,-119.448929
1639190205,36.607719,-119.448845
1639190208,36.607533,-119.448814
1639190211,36.607292,-119.448792
1639190214,36.607044,-119.448784
1639190217,36.606762,-119.448776
1639190220,36.606472,-119.448769
1639190223,36.606220,-119.448769
1639190226,36.605949,-119.448769
1639190229,36.605774,-119.448769
1639190232,36.605774,-119.448769
1639190235,36.605221,-119.448776
1639190238,36.605026,-119.448769
1639190241,36.604786,-119.448792
1639190244,36.604786,-119.448792
1639190247,36.604481,-119.448792
1639190250,36.604351,-119.448807
1639190253,36.604263,-119.448944
1639190256,36.604256,-119.449211
1639190259,36.604256,-119.449547
1639190262,36.604256,-119.449936
1639190265,36.604252,-119.450333
1639190268,36.604252,-119.450607
1639190271,36.604252,-119.450607
1639190274,36.604252,-119.451050
1639190277,36.604252,-119.452049
1639190280,36.604252,-119.452049
1639190283,36.604252,-119.453110
1639190286,36.604252,-119.453110
1639190289,36.604256,-119.454102
1639190292,36.604256,-119.454102
1639190295,36.604240,-119.454575
1639190298,36.604229,-119.455460
1639190301,36.604229,-119.455460
1639190304,36.604237,-119.455902
1639190307,36.604256,-119.456329
1639190310,36.604301,-119.457130
1639190313,36.604301,-119.457130
1639190316,36.604298,-119.457558
1639190319,36.604305,-119.457542
1639190322,36.604301,-119.457542
1639190325,36.604290,-119.457527
1639190328,36.604290,-119.457520
1639190331,36.604290,-119.457520
1639190334,36.604290,-119.457520
1639190337,36.604290,-119.457520
1639190340,36.604290,-119.457520
1639190343,36.604290,-119.457520
1639190346,36.604290,-119.457520
1639190349,36.604309,-119.457512
1639190352,36.604324,-119.457588
1639190355,36.604443,-119.457642
1639190358,36.604652,-119.457634
1639190361,36.604931,-119.457642
1639190364,36.605228,-119.457642
1639190367,36.605537,-119.457642
1639190370,36.605873,-119.457680
1639190373,36.606174,-119.457703
1639190376,36.606384,-119.457703
1639190379,36.606468,-119.457710
1639190382,36.606472,-119.457710
1639190385,36.606480,-119.457718
1639190388,36.606472,-119.457741
1639190391,36.606457,-119.457764
1639190394,36.606499,-119.457863
1639190397,36.606491,-119.457970
1639190400,36.606495,-119.458138
1639190403,36.606445,-119.458260
1639190406,36.606289,-119.458321
1639190409,36.606087,-119.458397
1639190412,36.605907,-119.458466
1639190415,36.605785,-119.458427
1639190418,36.605770,-119.458405
1639190421,36.605759,-119.458405
1639190424,36.605736,-119.458389
1639190427,36.605721,-119.458412
1639190430,36.605713,-119.458405
1639190433,36.605713,-119.458405
1639190436,36.605713,-119.458405
1639190439,36.605713,-119.458405
1639190442,36.605713,-119.458405
1639190445,36.605713,-119.458405
1639190448,36.605713,-119.458405
1639190451,36.605713,-119.458405
1639190454,36.605713,-119.458405
1639190457,36.605713,-119.458405
1639190460,36.605766,-119.458397
1639190463,36.605747,-119.458336
1639190466,36.605717,-119.458176
1639190469,36.605656,-119.457970
1639190472,36.605614,-119.457840
1639190475,36.605587,-119.457779
1639190478,36.605488,-119.457703
1639190481,36.605289,-119.457710
1639190484,36.605022,-119.457741
1639190487,36.604733,-119.457748
1639190490,36.604523,-119.457756
1639190493,36.604416,-119.457756
1639190496,36.604397,-119.457756
1639190499,36.604378,-119.457756
1639190502,36.604286,-119.457764
1639190505,36.604076,-119.457764
1639190508,36.603802,-119.457756
1639190511,36.603466,-119.457764
1639190514,36.603119,-119.457771
1639190517,36.602745,-119.457764
1639190520,36.602356,-119.457764
1639190523,36.601978,-119.457771
1639190526,36.601627,-119.457771
1639190529,36.601341,-119.457764
1639190532,36.601093,-119.457710
1639190535,36.600883,-119.457680
1639190538,36.600681,-119.457741
1639190541,36.600491,-119.457771
1639190544,36.600418,-119.457817
1639190547,36.600414,-119.457817
1639190550,36.600410,-119.457825
1639190553,36.600410,-119.457817
1639190556,36.600372,-119.457863
1639190559,36.600288,-119.457954
1639190562,36.600246,-119.457993
1639190565,36.600235,-119.458000
1639190568,36.600235,-119.458000
1639190571,36.600235,-119.458000
1639190574,36.600182,-119.458069
1639190577,36.600037,-119.458176
1639190580,36.599812,-119.458122
1639190583,36.599541,-119.457954
1639190586,36.599239,-119.457809
1639190589,36.598927,-119.457726
1639190592,36.598568,-119.457718
1639190595,36.598206,-119.457718
1639190598,36.597832,-119.457718
1639190601,36.597450,-119.457718
1639190604,36.597076,-119.457718
1639190607,36.596725,-119.457710
1639190610,36.596413,-119.457718
1639190613,36.596191,-119.457726
1639190616,36.595985,-119.457726
1639190619,36.595703,-119.457710
1639190622,36.595360,-119.457718
1639190625,36.594967,-119.457718
1639190628,36.594574,-119.457710
1639190631,36.594193,-119.457726
1639190634,36.593803,-119.457726
1639190637,36.593403,-119.457718
1639190640,36.592999,-119.457726
1639190643,36.592617,-119.457726
1639190646,36.592316,-119.457733
1639190649,36.592068,-119.457733
1639190652,36.591942,-119.457733
1639190655,36.591919,-119.457726
1639190658,36.591824,-119.457733
1639190661,36.591610,-119.457726
1639190664,36.591301,-119.457733
1639190667,36.590939,-119.457726
1639190670,36.590530,-119.457726
1639190673,36.590118,-119.457726
1639190676,36.589687,-119.457710
1639190679,36.589241,-119.457703
1639190682,36.588779,-119.457703
1639190685,36.588287,-119.457703
1639190688,36.587780,-119.457695
1639190691,36.587242,-119.457718
1639190694,36.586720,-119.457733
1639190697,36.586205,-119.457748
1639190700,36.585701,-119.457756
1639190703,36.585247,-119.457764
1639190706,36.584892,-119.457756
1639190709,36.584648,-119.457756
1639190712,36.584515,-119.457756
1639190715,36.584480,-119.457756
1639190718,36.584423,-119.457764
1639190721,36.584270,-119.457771
1639190724,36.583981,-119.457779
1639190727,36.583618,-119.457771
1639190730,36.583195,-119.457779
1639190733,36.582760,-119.457779
1639190736,36.582310,-119.457787
1639190739,36.581856,-119.457779
1639190742,36.581429,-119.457787
1639190745,36.581070,-119.457787
1639190748,36.580830,-119.457771
1639190751,36.580688,-119.457642
1639190754,36.580662,-119.457428
1639190757,36.580673,-119.457130
1639190760,36.580677,-119.456772
1639190763,36.580666,-119.456406
1639190766,36.580658,-119.456009
1639190769,36.580662,-119.455589
1639190772,36.580666,-119.455162
1639190775,36.580662,-119.454750
1639190778,36.580658,-119.454353
1639190781,36.580662,-119.453964
1639190784,36.580666,-119.453644
1639190787,36.580669,-119.453476
1639190790,36.580673,-119.453430
1639190794,36.580673,-119.453308
1639190797,36.580677,-119.453033
1639190800,36.580677,-119.452682
1639190802,36.580677,-119.452682
1639190805,36.580692,-119.451935
1639190809,36.580692,-119.451569
1639190812,36.580692,-119.451569
1639190815,36.580692,-119.451225
1639190818,36.580692,-119.451225
1639190821,36.580700,-119.450905
1639190824,36.580700,-119.450905
1639190827,36.580696,-119.450142
1639190830,36.580696,-119.450142
1639190833,36.580711,-119.449333
1639190836,36.580780,-119.449242
1639190839,36.580788,-119.449120
1639190842,36.580788,-119.449120
1639190845,36.580757,-119.449051
1639190848,36.580757,-119.449051
1639190851,36.580765,-119.448906
1639190854,36.580765,-119.448906
1639190857,36.580765,-119.448906
1639190860,36.581512,-119.448868
1639190863,36.581924,-119.448807
1639190866,36.581924,-119.448807
1639190869,36.582733,-119.448761
1639190872,36.582943,-119.448814
1639190875,36.583370,-119.448784
1639190878,36.583370,-119.448784
1639190881,36.583977,-119.448715
1639190884,36.584103,-119.448700
1639190887,36.584103,-119.448700
1639190890,36.584354,-119.448692
1639190893,36.584354,-119.448692
1639190896,36.585003,-119.448685
1639190899,36.585415,-119.448685
1639190902,36.585415,-119.448685
1639190905,36.585854,-119.448677
1639190908,36.586281,-119.448669
1639190911,36.586704,-119.448669
1639190914,36.587116,-119.448677
1639190917,36.587959,-119.448692
1639190920,36.587959,-119.448692
1639190923,36.588139,-119.448761
1639190926,36.588669,-119.448708
1639190929,36.589100,-119.448685
1639190932,36.589405,-119.448654
1639190935,36.589577,-119.448624
1639190938,36.589577,-119.448624
1639190941,36.589577,-119.448364
1639190944,36.589596,-119.448013
1639190947,36.589611,-119.447624
1639190950,36.589607,-119.447227
1639190953,36.589607,-119.447227
1639190956,36.589626,-119.446671
1639190959,36.589626,-119.446671
1639190962,36.589626,-119.446526
1639190965,36.589626,-119.446526
1639190968,36.589638,-119.445969
1639190971,36.589638,-119.445969
1639190974,36.589645,-119.445602
1639190977,36.589657,-119.444855
1639190980,36.589657,-119.444855
1639190983,36.589691,-119.444580
1639190986,36.589691,-119.444580
1639190989,36.589684,-119.444359
1639190992,36.589684,-119.444359
1639190995,36.589684,-119.443665
1639190998,36.589684,-119.443665
1639191001,36.589680,-119.442902
1639191004,36.589680,-119.442902
1639191007,36.589672,-119.441986
1639191010,36.589672,-119.441986
1639191013,36.589680,-119.440895
1639191016,36.589680,-119.440895
1639191019,36.589680,-119.439781
1639191022,36.589680,-119.439781
1639191025,36.589729,-119.438660
1639191028,36.589710,-119.438011
1639191031,36.589695,-119.437401
1639191034,36.589695,-119.436783
1639191037,36.589695,-119.436783
1639191040,36.589691,-119.435944
1639191043,36.589691,-119.434845
1639191046,36.589691,-119.434845
1639191049,36.589680,-119.434181
1639191052,36.589676,-119.432838
1639191055,36.589676,-119.432838
1639191058,36.589668,-119.432228
1639191061,36.589657,-119.431725
1639191064,36.589642,-119.431175
1639191067,36.589642,-119.431175
1639191070,36.589489,-119.431007
1639191073,36.589027,-119.430977
1639191076,36.588642,-119.430977
1639191079,36.587757,-119.430893
1639191082,36.587269,-119.430885
1639191085,36.586792,-119.430893
1639191088,36.586327,-119.430893
1639191091,36.585846,-119.430893
1639191094,36.585365,-119.430885
1639191097,36.585041,-119.430885
1639191100,36.584881,-119.430885
1639191103,36.583927,-119.430885
1639191106,36.583458,-119.430878
1639191109,36.582985,-119.430855
1639191112,36.582504,-119.430801
1639191115,36.582012,-119.430779
1639191118,36.581497,-119.430779
1639191121,36.580967,-119.430786
1639191124,36.580448,-119.430794
1639191127,36.579903,-119.430794
1639191130,36.579338,-119.430794
1639191133,36.578773,-119.430794
1639191136,36.578232,-119.430794
1639191139,36.577698,-119.430794
1639191142,36.577175,-119.430786
1639191145,36.576649,-119.430786
1639191148,36.576107,-119.430786
1639191151,36.575630,-119.430794
1639191154,36.575241,-119.430801
1639191157,36.574970,-119.430809
1639191160,36.574883,-119.430801
1639191163,36.574825,-119.430794
1639191166,36.574677,-119.430786
1639191169,36.574402,-119.430771
1639191172,36.574005,-119.430756
1639191175,36.573524,-119.430733
1639191178,36.572979,-119.430717
1639191181,36.572414,-119.430695
1639191184,36.571831,-119.430679
1639191187,36.571243,-119.430664
1639191190,36.570656,-119.430641
1639191193,36.570045,-119.430618
1639191196,36.569424,-119.430603
1639191199,36.568794,-119.430580
1639191202,36.568157,-119.430565
1639191205,36.567497,-119.430550
1639191208,36.566845,-119.430527
1639191211,36.566196,-119.430511
1639191214,36.565533,-119.430496
1639191217,36.564854,-119.430481
1639191220,36.564167,-119.430466
1639191223,36.563511,-119.430450
1639191226,36.562920,-119.430428
1639191229,36.562374,-119.430405
1639191232,36.561874,-119.430397
1639191235,36.561424,-119.430389
1639191238,36.561085,-119.430382
1639191241,36.560883,-119.430382
1639191244,36.560848,-119.430382
1639191247,36.560795,-119.430382
1639191250,36.560589,-119.430405
1639191253,36.560257,-119.430443
1639191256,36.559856,-119.430496
1639191259,36.559391,-119.430534
1639191262,36.558880,-119.430557
1639191265,36.558319,-119.430557
1639191268,36.557755,-119.430550
1639191271,36.557167,-119.430542
1639191274,36.556549,-119.430527
1639191277,36.555908,-119.430519
1639191280,36.555256,-119.430511
1639191283,36.554596,-119.430504
1639191286,36.553913,-119.430511
1639191289,36.553219,-119.430504
1639191292,36.552509,-119.430496
1639191295,36.551819,-119.430489
1639191298,36.551151,-119.430481
1639191301,36.550495,-119.430473
1639191304,36.549847,-119.430466
1639191307,36.549213,-119.430458
1639191310,36.548599,-119.430450
1639191313,36.548035,-119.430458
1639191316,36.547523,-119.430473
1639191319,36.547127,-119.430458
1639191322,36.546841,-119.430450
1639191325,36.546680,-119.430443
1639191328,36.546585,-119.430443
1639191331,36.546459,-119.430435
1639191334,36.546318,-119.430290
1639191337,36.546265,-119.429962
1639191340,36.546253,-119.429527
1639191343,36.546246,-119.429016
1639191346,36.546238,-119.428444
1639191349,36.546211,-119.427841
1639191352,36.546169,-119.427223
1639191355,36.546120,-119.426582
1639191358,36.546074,-119.425949
1639191361,36.546043,-119.425316
1639191364,36.546036,-119.424690
1639191367,36.546028,-119.424080
1639191370,36.546032,-119.423477
1639191373,36.546040,-119.422867
1639191376,36.546051,-119.422211
1639191379,36.546059,-119.421516
1639191382,36.546062,-119.420807
1639191385,36.546074,-119.420097
1639191388,36.546070,-119.419380
1639191391,36.546066,-119.418671
1639191394,36.546055,-119.417969
1639191397,36.546043,-119.417252
1639191400,36.546043,-119.416534
1639191403,36.546036,-119.415848
1639191406,36.546032,-119.415169
1639191409,36.546024,-119.414505
1639191412,36.546021,-119.413879
1639191415,36.546009,-119.413277
1639191418,36.546001,-119.412659
1639191421,36.545994,-119.412025
1639191424,36.546005,-119.411392
1639191427,36.546009,-119.410744
1639191430,36.545998,-119.410080
1639191433,36.545986,-119.409409
1639191436,36.545979,-119.408737
1639191439,36.545975,-119.408096
1639191442,36.545967,-119.407463
1639191445,36.545963,-119.406860
1639191448,36.545948,-119.406258
1639191451,36.545933,-119.405655
1639191454,36.545918,-119.405090
1639191457,36.545906,-119.404640
1639191460,36.545898,-119.404373
1639191463,36.545895,-119.404305
1639191466,36.545895,-119.404289
1639191469,36.545891,-119.404266
1639191472,36.545895,-119.404251
1639191475,36.545895,-119.404266
1639191478,36.545891,-119.404274
1639191481,36.545879,-119.404251
1639191484,36.545719,-119.404190
1639191487,36.545479,-119.404182
1639191490,36.545200,-119.404182
1639191493,36.544857,-119.404182
1639191496,36.544483,-119.404175
1639191499,36.544174,-119.404167
1639191502,36.543991,-119.404175
1639191505,36.543964,-119.404175
1639191508,36.543957,-119.404175
1639191511,36.543953,-119.404175
1639191514,36.543941,-119.404175
1639191517,36.543968,-119.404167
1639191520,36.543968,-119.404167
1639191523,36.543968,-119.404167
1639191526,36.543968,-119.404167
1639191529,36.543968,-119.404167
1639191532,36.543968,-119.404167
1639191535,36.543968,-119.404167
1639191538,36.543968,-119.404167
1639191541,36.543968,-119.404167
1639191544,36.543968,-119.404167
1639191547,36.543968,-119.404167
1639191550,36.543968,-119.404167
1639191553,36.543968,-119.404167
1639191556,36.543968,-119.404167
1639191559,36.543983,-119.404175
1639191563,36.543987,-119.404175
1639191565,36.543987,-119.404175
1639191568,36.543987,-119.404175
1639191571,36.543987,-119.404175
1639191574,36.543987,-119.404175
1639191577,36.543987,-119.404175
1639191580,36.543987,-119.404175
1639191583,36.543987,-119.404175
1639191586,36.543987,-119.404175
1639191589,36.543976,-119.404182
1639191592,36.543823,-119.404152
1639191595,36.543568,-119.404106
1639191598,36.543224,-119.404076
1639191601,36.542858,-119.404060
1639191604,36.542549,-119.404053
1639191607,36.542362,-119.403992
1639191610,36.542301,-119.403786
1639191614,36.542305,-119.403473
1639191617,36.542305,-119.403473
1639191620,36.542301,-119.402634
1639191623,36.542305,-119.402184
1639191626,36.542305,-119.402184
1639191629,36.542301,-119.401299
1639191632,36.542301,-119.401299
1639191635,36.542301,-119.400826
1639191638,36.542305,-119.399841
1639191641,36.542305,-119.399841
1639191644,36.542301,-119.398842
1639191647,36.542301,-119.398842
1639191650,36.542309,-119.397835
1639191653,36.542309,-119.397835
1639191656,36.542274,-119.397362
1639191659,36.542152,-119.396965
1639191662,36.541687,-119.396301
1639191665,36.541687,-119.396301
1639191668,36.541302,-119.395676
1639191671,36.541302,-119.395676
1639191674,36.541264,-119.395340
1639191677,36.541264,-119.395340
1639191680,36.541260,-119.395309
1639191683,36.541260,-119.395309
1639191686,36.541264,-119.395294
1639191689,36.541264,-119.395294
1639191692,36.541279,-119.395172
1639191695,36.541618,-119.394974
1639191698,36.541618,-119.394974
1639191701,36.542229,-119.394966
1639191704,36.542229,-119.394966
1639191707,36.542450,-119.394958
1639191710,36.542450,-119.394958
1639191713,36.542435,-119.394958
1639191716,36.542507,-119.394966
1639191719,36.542751,-119.394981
1639191722,36.543056,-119.394974
1639191725,36.543404,-119.394966
1639191728,36.543404,-119.394966
1639191731,36.544151,-119.394974
1639191734,36.544151,-119.394974
1639191737,36.544647,-119.394943
1639191740,36.544647,-119.394943
1639191743,36.544483,-119.394455
1639191746,36.544281,-119.394211
1639191749,36.544064,-119.393967
1639191752,36.543812,-119.393669
1639191755,36.543560,-119.393372
1639191758,36.543560,-119.393372
1639191761,36.543015,-119.392746
1639191764,36.542751,-119.392456
1639191767,36.542751,-119.392456
1639191770,36.542244,-119.391861
1639191773,36.542244,-119.391861
1639191776,36.541908,-119.391479
1639191779,36.541908,-119.391479
1639191782,36.541733,-119.391701
1639191785,36.541592,-119.391884
1639191788,36.541592,-119.391884
1639191791,36.541340,-119.392204
1639191794,36.541340,-119.392204
1639191797,36.541557,-119.392311
1639191800,36.541328,-119.392349
1639191803,36.541340,-119.392479
1639191806,36.541443,-119.392616
1639191809,36.541573,-119.392761
1639191812,36.541573,-119.392761
1639191815,36.541645,-119.392845
1639191818,36.541645,-119.392845
1639191851,36.541626,-119.392845
1639191851,36.541626,-119.392845
1639191851,36.541626,-119.392845
1639191851,36.541626,-119.392845
