1639012021,36.542377,-119.393707
1639012024,36.542381,-119.393837
1639012027,36.542385,-119.393761
1639012030,36.542412,-119.393822
1639012033,36.542515,-119.393974
1639012036,36.542702,-119.394157
1639012039,36.542908,-119.394379
1639012042,36.543083,-119.394577
1639012045,36.543163,-119.394775
1639012048,36.543194,-119.394905
1639012051,36.543217,-119.394951
1639012054,36.543331,-119.395004
1639012057,36.543575,-119.395012
1639012060,36.543903,-119.395012
1639012063,36.544281,-119.395012
1639012066,36.544636,-119.394997
1639012069,36.544930,-119.394974
1639012072,36.545166,-119.394974
1639012075,36.545372,-119.394981
1639012078,36.545540,-119.394981
1639012081,36.545609,-119.394981
1639012084,36.545609,-119.394974
1639012087,36.545605,-119.394974
1639012090,36.545601,-119.394966
1639012093,36.545601,-119.394966
1639012096,36.545601,-119.394958
1639012099,36.545601,-119.394958
1639012102,36.545601,-119.394958
1639012105,36.545601,-119.394958
1639012108,36.545601,-119.394958
1639012111,36.545601,-119.394958
1639012114,36.545601,-119.394958
1639012117,36.545601,-119.394958
1639012120,36.545601,-119.394958
1639012123,36.545601,-119.394958
1639012126,36.545601,-119.394958
1639012129,36.545582,-119.394943
1639012132,36.545597,-119.394943
1639012135,36.545830,-119.394951
1639012138,36.546124,-119.394966
1639012141,36.546448,-119.394981
1639012144,36.546810,-119.395012
1639012147,36.547215,-119.395020
1639012150,36.547630,-119.395020
1639012153,36.548027,-119.395020
1639012156,36.548443,-119.395027
1639012159,36.548824,-119.395012
1639012162,36.549141,-119.395004
1639012165,36.549374,-119.395004
1639012168,36.549496,-119.394997
1639012171,36.549549,-119.394875
1639012174,36.549526,-119.394638
1639012177,36.549507,-119.394310
1639012180,36.549488,-119.394005
1639012183,36.549461,-119.393692
1639012186,36.549454,-119.393364
1639012189,36.549442,-119.393044
1639012192,36.549431,-119.392723
1639012195,36.549423,-119.392372
1639012198,36.549419,-119.392059
1639012201,36.549404,-119.391731
1639012204,36.549393,-119.391388
1639012207,36.549389,-119.391068
1639012210,36.549381,-119.390816
1639012213,36.549381,-119.390701
1639012216,36.549381,-119.390686
1639012219,36.549381,-119.390640
1639012222,36.549335,-119.390549
1639012225,36.549187,-119.390564
1639012228,36.548988,-119.390572
1639012231,36.548771,-119.390564
1639012234,36.548527,-119.390556
1639012237,36.548279,-119.390556
1639012240,36.548027,-119.390556
1639012243,36.547806,-119.390556
1639012246,36.547695,-119.390533
1639012249,36.547672,-119.390419
1639012252,36.547672,-119.390251
1639012255,36.547672,-119.390022
1639012258,36.547649,-119.389763
1639012261,36.547642,-119.389580
1639012264,36.547638,-119.389496
1639012267,36.547638,-119.389458
1639012270,36.547634,-119.389397
1639012273,36.547634,-119.389282
1639012276,36.547630,-119.389076
1639012279,36.547623,-119.388817
1639012282,36.547623,-119.388557
1639012285,36.547615,-119.388420
1639012288,36.547611,-119.388374
1639012291,36.547619,-119.388329
1639012294,36.547699,-119.388275
1639012297,36.547920,-119.388268
1639012300,36.548199,-119.388260
1639012303,36.548458,-119.388252
1639012306,36.548725,-119.388260
1639012309,36.548996,-119.388260
1639012312,36.549183,-119.388268
1639012315,36.549240,-119.388268
1639012318,36.549320,-119.388268
1639012321,36.549496,-119.388275
1639012324,36.549747,-119.388275
1639012327,36.550022,-119.388268
1639012330,36.550304,-119.388275
1639012333,36.550571,-119.388275
1639012336,36.550835,-119.388283
1639012339,36.551037,-119.388283
1639012342,36.551197,-119.388290
1639012345,36.551422,-119.388290
1639012348,36.551704,-119.388306
1639012351,36.552002,-119.388313
1639012354,36.552307,-119.388313
1639012357,36.552589,-119.388306
1639012360,36.552784,-119.388298
1639012363,36.552853,-119.388306
1639012366,36.552856,-119.388306
1639012369,36.552891,-119.388290
1639012372,36.552952,-119.388191
1639012375,36.552933,-119.387939
1639012378,36.552925,-119.387619
1639012381,36.552914,-119.387253
1639012384,36.552902,-119.386879
1639012387,36.552891,-119.386520
1639012390,36.552887,-119.386238
1639012393,36.552879,-119.386086
1639012396,36.552944,-119.386017
1639012399,36.553078,-119.386024
1639012402,36.553288,-119.386024
1639012405,36.553532,-119.386024
1639012408,36.553776,-119.386032
1639012411,36.554031,-119.386032
1639012414,36.554291,-119.386040
1639012417,36.554493,-119.386040
1639012420,36.554600,-119.386040
1639012423,36.554615,-119.386040
1639012426,36.554688,-119.386055
1639012429,36.554729,-119.386154
1639012432,36.554745,-119.386398
1639012435,36.554749,-119.386749
1639012438,36.554764,-119.387131
1639012441,36.554779,-119.387520
1639012444,36.554798,-119.387856
1639012447,36.554810,-119.388130
1639012450,36.554813,-119.388199
1639012453,36.554821,-119.388298
1639012456,36.554935,-119.388336
1639012459,36.555145,-119.388321
1639012462,36.555431,-119.388329
1639012465,36.555733,-119.388344
1639012468,36.556034,-119.388344
1639012471,36.556278,-119.388344
1639012474,36.556446,-119.388344
1639012477,36.556480,-119.388344
1639012480,36.556572,-119.388329
1639012483,36.556782,-119.388336
1639012486,36.557034,-119.388336
1639012489,36.557301,-119.388336
1639012492,36.557575,-119.388336
1639012495,36.557877,-119.388336
1639012498,36.558178,-119.388351
1639012501,36.558464,-119.388344
1639012504,36.558769,-119.388351
1639012507,36.559090,-119.388336
1639012510,36.559395,-119.388336
1639012513,36.559677,-119.388336
1639012516,36.559917,-119.388344
1639012519,36.560051,-119.388321
1639012522,36.560093,-119.388313
1639012525,36.560104,-119.388306
1639012528,36.560112,-119.388306
1639012531,36.560120,-119.388306
1639012534,36.560158,-119.388245
1639012537,36.560165,-119.387993
1639012540,36.560143,-119.387589
1639012543,36.560135,-119.387062
1639012546,36.560120,-119.386467
1639012549,36.560101,-119.385849
1639012552,36.560081,-119.385254
1639012555,36.560051,-119.384651
1639012558,36.560032,-119.384033
1639012561,36.560009,-119.383385
1639012564,36.559994,-119.382729
1639012567,36.559971,-119.382065
1639012570,36.559948,-119.381416
1639012573,36.559925,-119.380768
1639012576,36.559906,-119.380142
1639012579,36.559887,-119.379501
1639012582,36.559868,-119.378891
1639012585,36.559841,-119.378326
1639012588,36.559822,-119.377838
1639012591,36.559811,-119.377464
1639012594,36.559803,-119.377190
1639012597,36.559792,-119.377068
1639012600,36.559784,-119.377052
1639012603,36.559750,-119.376991
1639012606,36.559727,-119.376991
1639012609,36.559628,-119.376984
1639012612,36.559479,-119.376999
1639012615,36.559280,-119.377007
1639012618,36.559036,-119.377007
1639012621,36.558769,-119.377007
1639012624,36.558483,-119.376999
1639012627,36.558155,-119.376999
1639012630,36.557793,-119.376991
1639012633,36.557404,-119.376984
1639012636,36.557030,-119.376991
1639012639,36.556702,-119.376984
1639012642,36.556450,-119.376991
1639012645,36.556320,-119.377007
1639012648,36.556263,-119.377075
1639012652,36.556240,-119.377167
1639012655,36.556252,-119.377319
1639012658,36.556282,-119.377586
1639012661,36.556313,-119.377892
1639012664,36.556324,-119.378220
1639012667,36.556328,-119.378548
1639012670,36.556332,-119.378868
1639012673,36.556343,-119.379196
1639012676,36.556355,-119.379539
1639012679,36.556366,-119.379890
1639012682,36.556385,-119.380249
1639012685,36.556400,-119.380623
1639012688,36.556416,-119.380966
1639012691,36.556419,-119.381241
1639012694,36.556412,-119.381401
1639012697,36.556416,-119.381416
1639012700,36.556396,-119.381523
1639012703,36.556278,-119.381561
1639012706,36.556065,-119.381554
1639012709,36.555820,-119.381538
1639012712,36.555557,-119.381523
1639012715,36.555286,-119.381516
1639012718,36.554996,-119.381516
1639012721,36.554718,-119.381508
1639012724,36.554428,-119.381508
1639012727,36.554131,-119.381516
1639012730,36.553841,-119.381508
1639012733,36.553558,-119.381500
1639012736,36.553295,-119.381516
1639012739,36.553051,-119.381516
1639012742,36.552906,-119.381516
1639012745,36.552883,-119.381516
1639012748,36.552876,-119.381516
1639012751,36.552879,-119.381508
1639012754,36.552872,-119.381508
1639012757,36.552883,-119.381516
1639012760,36.552876,-119.381516
1639012763,36.552853,-119.381508
1639012766,36.552818,-119.381508
1639012769,36.552807,-119.381508
1639012772,36.552803,-119.381508
1639012775,36.552769,-119.381424
1639012778,36.552757,-119.381279
1639012781,36.552746,-119.381104
1639012784,36.552746,-119.380997
1639012787,36.552746,-119.380974
1639012790,36.552731,-119.380959
1639012793,36.552704,-119.380936
1639012796,36.552734,-119.380989
1639012799,36.552734,-119.380981
1639012802,36.552734,-119.380981
1639012805,36.552734,-119.380981
1639012808,36.552734,-119.380981
1639012811,36.552734,-119.380981
1639012814,36.552734,-119.380981
1639012817,36.552734,-119.380981
1639012820,36.552734,-119.380981
1639012823,36.552734,-119.380981
1639012826,36.552734,-119.380981
1639012829,36.552734,-119.380981
1639012832,36.552734,-119.380981
1639012835,36.552734,-119.380981
1639012838,36.552734,-119.380981
1639012841,36.552734,-119.380981
1639012844,36.552734,-119.380981
1639012847,36.552734,-119.380981
1639012850,36.552734,-119.380981
1639012853,36.552734,-119.380981
1639012856,36.552734,-119.380981
1639012859,36.552734,-119.380981
1639012862,36.552734,-119.380981
1639012865,36.552734,-119.380981
1639012868,36.552734,-119.380981
1639012871,36.552734,-119.380997
1639012874,36.552734,-119.380997
1639012877,36.552734,-119.380997
1639012880,36.552734,-119.380997
1639012883,36.552734,-119.380997
1639012886,36.552734,-119.380997
1639012889,36.552734,-119.380997
1639012892,36.552734,-119.380997
1639012895,36.552731,-119.380997
1639012898,36.552731,-119.380997
1639012901,36.552731,-119.380997
1639012904,36.552731,-119.380997
1639012907,36.552731,-119.380997
1639012910,36.552731,-119.380997
1639012913,36.552731,-119.380997
1639012916,36.552731,-119.380997
1639012919,36.552731,-119.380997
1639012922,36.552731,-119.380997
1639012925,36.552731,-119.380997
1639012928,36.552731,-119.380997
1639012931,36.552731,-119.380997
1639012934,36.552731,-119.380997
1639012937,36.552731,-119.380997
1639012940,36.552731,-119.380997
1639012943,36.552734,-119.380997
1639012946,36.552734,-119.380989
1639012949,36.552734,-119.380989
1639012952,36.552734,-119.380989
1639012955,36.552734,-119.380989
1639012958,36.552734,-119.380989
1639012961,36.552731,-119.380989
1639012964,36.552734,-119.380966
1639012967,36.552734,-119.380829
1639012970,36.552715,-119.380600
1639012973,36.552708,-119.380348
1639012976,36.552700,-119.380043
1639012979,36.552692,-119.379723
1639012982,36.552689,-119.379425
1639012985,36.552685,-119.379128
1639012988,36.552677,-119.378860
1639012991,36.552681,-119.378578
1639012994,36.552673,-119.378258
1639012997,36.552658,-119.377914
1639013000,36.552643,-119.377586
1639013003,36.552639,-119.377319
1639013006,36.552635,-119.377144
1639013009,36.552628,-119.377083
1639013012,36.552616,-119.377037
1639013015,36.552570,-119.376945
1639013018,36.552406,-119.376938
1639013021,36.552082,-119.376961
1639013024,36.551716,-119.376953
1639013027,36.551304,-119.376961
1639013030,36.550858,-119.376961
1639013033,36.550385,-119.376961
1639013036,36.549911,-119.376953
1639013039,36.549454,-119.376953
1639013042,36.549023,-119.376945
1639013045,36.548584,-119.376938
1639013048,36.548138,-119.376938
1639013051,36.547684,-119.376938
1639013054,36.547260,-119.376938
1639013057,36.546883,-119.376938
1639013060,36.546577,-119.376938
1639013063,36.546383,-119.376938
1639013066,36.546204,-119.376930
1639013069,36.545963,-119.376900
1639013072,36.545799,-119.376892
1639013075,36.545757,-119.376892
1639013078,36.545757,-119.376892
1639013081,36.545753,-119.376892
1639013084,36.545753,-119.376892
1639013087,36.545753,-119.376892
1639013090,36.545750,-119.376892
1639013093,36.545750,-119.376892
1639013096,36.545750,-119.376892
1639013099,36.545750,-119.376892
1639013102,36.545750,-119.376892
1639013105,36.545750,-119.376892
1639013108,36.545750,-119.376892
1639013111,36.545750,-119.376892
1639013114,36.545750,-119.376892
1639013117,36.545723,-119.376892
1639013120,36.545605,-119.376877
1639013123,36.545460,-119.376862
1639013126,36.545403,-119.376724
1639013129,36.545395,-119.376442
1639013132,36.545399,-119.376083
1639013135,36.545403,-119.375656
1639013138,36.545399,-119.375191
1639013141,36.545403,-119.374687
1639013144,36.545399,-119.374161
1639013147,36.545403,-119.373665
1639013150,36.545410,-119.373230
1639013154,36.545444,-119.372810
1639013157,36.545456,-119.372292
1639013160,36.545433,-119.371735
1639013163,36.545429,-119.371246
1639013166,36.545441,-119.370918
1639013169,36.545383,-119.370766
1639013172,36.545277,-119.370758
1639013175,36.545101,-119.370766
1639013178,36.544861,-119.370758
1639013181,36.544682,-119.370758
1639013184,36.544556,-119.370758
1639013187,36.544476,-119.370804
1639013190,36.544449,-119.370979
1639013193,36.544456,-119.371178
1639013196,36.544453,-119.371262
1639013199,36.544453,-119.371437
1639013202,36.544456,-119.371635
1639013205,36.544453,-119.371750
1639013208,36.544449,-119.371925
1639013211,36.544449,-119.372108
1639013214,36.544445,-119.372185
1639013217,36.544441,-119.372261
1639013220,36.544361,-119.372322
1639013223,36.544132,-119.372322
1639013226,36.543903,-119.372314
1639013229,36.543812,-119.372314
1639013232,36.543758,-119.372314
1639013235,36.543552,-119.372314
1639013238,36.543247,-119.372322
1639013241,36.542934,-119.372314
1639013244,36.542606,-119.372314
1639013247,36.542278,-119.372307
1639013250,36.541924,-119.372314
1639013253,36.541550,-119.372322
1639013256,36.541153,-119.372322
1639013259,36.540745,-119.372322
1639013262,36.540306,-119.372322
1639013265,36.539856,-119.372322
1639013268,36.539394,-119.372322
1639013271,36.538967,-119.372322
1639013274,36.538647,-119.372353
1639013277,36.538441,-119.372391
1639013280,36.538372,-119.372406
1639013283,36.538300,-119.372437
1639013286,36.538269,-119.372673
1639013289,36.538261,-119.373055
1639013292,36.538261,-119.373505
1639013295,36.538258,-119.373940
1639013298,36.538258,-119.374374
1639013301,36.538254,-119.374817
1639013304,36.538258,-119.375267
1639013307,36.538246,-119.375687
1639013310,36.538231,-119.376106
1639013313,36.538219,-119.376480
1639013316,36.538223,-119.376678
1639013319,36.538223,-119.376724
1639013322,36.538204,-119.376846
1639013325,36.538097,-119.376900
1639013328,36.537872,-119.376923
1639013331,36.537571,-119.376915
1639013334,36.537228,-119.376900
1639013337,36.536854,-119.376900
1639013340,36.536469,-119.376892
1639013343,36.536072,-119.376884
1639013346,36.535675,-119.376884
1639013349,36.535286,-119.376877
1639013352,36.534893,-119.376877
1639013355,36.534470,-119.376877
1639013358,36.534012,-119.376877
1639013361,36.533569,-119.376869
1639013364,36.533119,-119.376869
1639013367,36.532642,-119.376869
1639013370,36.532169,-119.376862
1639013373,36.531742,-119.376862
1639013376,36.531429,-119.376869
1639013379,36.531223,-119.376884
1639013382,36.531189,-119.376892
1639013385,36.531105,-119.376961
1639013388,36.531094,-119.377235
1639013391,36.531094,-119.377686
1639013394,36.531090,-119.378250
1639013397,36.531101,-119.378906
1639013400,36.531124,-119.379616
1639013403,36.531136,-119.380272
1639013406,36.531132,-119.380821
1639013409,36.531136,-119.381248
1639013412,36.531143,-119.381531
1639013415,36.531143,-119.381714
1639013418,36.531143,-119.381760
1639013421,36.531143,-119.381783
1639013424,36.531147,-119.381798
1639013427,36.531139,-119.381821
1639013430,36.531143,-119.382027
1639013433,36.531158,-119.382401
1639013436,36.531174,-119.382774
1639013439,36.531170,-119.383018
1639013442,36.531094,-119.383072
1639013445,36.530998,-119.383064
1639013448,36.530880,-119.383087
1639013451,36.530857,-119.383202
1639013454,36.530853,-119.383240
1639013457,36.530849,-119.383240
1639013460,36.530884,-119.383255
1639013463,36.530903,-119.383263
1639013466,36.530899,-119.383270
1639013469,36.530880,-119.383247
1639013472,36.530895,-119.383263
1639013475,36.530899,-119.383263
1639013478,36.530899,-119.383263
1639013481,36.530899,-119.383263
1639013484,36.530899,-119.383263
1639013487,36.530899,-119.383263
1639013490,36.530899,-119.383263
1639013493,36.530876,-119.383232
1639013496,36.530888,-119.383224
1639013499,36.530895,-119.383224
1639013502,36.530907,-119.383224
1639013505,36.530918,-119.383224
1639013508,36.530888,-119.383240
1639013511,36.530895,-119.383240
1639013514,36.530895,-119.383240
1639013517,36.530895,-119.383240
1639013520,36.530895,-119.383240
1639013523,36.530895,-119.383240
1639013526,36.530895,-119.383240
1639013529,36.530895,-119.383240
1639013532,36.530895,-119.383240
1639013535,36.530895,-119.383240
1639013538,36.530895,-119.383240
1639013541,36.530895,-119.383240
1639013544,36.530895,-119.383240
1639013547,36.530895,-119.383240
1639013550,36.530895,-119.383240
1639013553,36.530895,-119.383240
1639013556,36.530895,-119.383240
1639013559,36.530895,-119.383240
1639013562,36.530895,-119.383240
1639013565,36.530895,-119.383240
1639013568,36.530895,-119.383240
1639013571,36.530895,-119.383240
1639013574,36.530895,-119.383240
1639013577,36.530895,-119.383240
1639013580,36.530895,-119.383240
1639013583,36.530895,-119.383240
1639013586,36.530895,-119.383240
1639013589,36.530895,-119.383240
1639013592,36.530895,-119.383240
1639013595,36.530895,-119.383240
1639013598,36.530895,-119.383240
1639013601,36.530895,-119.383240
1639013604,36.530895,-119.383240
1639013607,36.530895,-119.383240
1639013610,36.530895,-119.383240
1639013613,36.530895,-119.383240
1639013616,36.530895,-119.383240
1639013619,36.530895,-119.383240
1639013622,36.530895,-119.383240
1639013625,36.530895,-119.383240
1639013628,36.530895,-119.383240
1639013631,36.530895,-119.383240
1639013634,36.530796,-119.383217
1639013637,36.530800,-119.383217
1639013640,36.530807,-119.383217
1639013643,36.530815,-119.383217
1639013646,36.530819,-119.383224
1639013649,36.530834,-119.383209
1639013652,36.530842,-119.383209
1639013655,36.530849,-119.383217
1639013658,36.530849,-119.383217
1639013661,36.530849,-119.383217
1639013664,36.530849,-119.383217
1639013667,36.530834,-119.383224
1639013670,36.530819,-119.383293
1639013673,36.530842,-119.383430
1639013676,36.530903,-119.383476
1639013679,36.530994,-119.383476
1639013682,36.531029,-119.383476
1639013685,36.531075,-119.383499
1639013689,36.531116,-119.383728
1639013691,36.531132,-119.384140
1639013694,36.531139,-119.384598
1639013697,36.531155,-119.385025
1639013700,36.531170,-119.385376
1639013703,36.531178,-119.385628
1639013706,36.531197,-119.385788
1639013709,36.531200,-119.385803
1639013712,36.531212,-119.385857
1639013715,36.531281,-119.385910
1639013718,36.531395,-119.385941
1639013721,36.531658,-119.385933
1639013724,36.531963,-119.385925
1639013727,36.532269,-119.385918
1639013730,36.532555,-119.385918
1639013733,36.532822,-119.385910
1639013736,36.533112,-119.385918
1639013739,36.533405,-119.385918
1639013742,36.533703,-119.385910
1639013745,36.534008,-119.385902
1639013748,36.534294,-119.385880
1639013751,36.534462,-119.385880
1639013754,36.534481,-119.385872
1639013757,36.534481,-119.385880
1639013760,36.534481,-119.385880
1639013763,36.534515,-119.385887
1639013766,36.534740,-119.385910
1639013769,36.535030,-119.385918
1639013772,36.535320,-119.385918
1639013775,36.535473,-119.385918
1639013779,36.535515,-119.385925
1639013782,36.535633,-119.386032
1639013785,36.535816,-119.386261
1639013788,36.536030,-119.386528
1639013791,36.536266,-119.386795
1639013794,36.536488,-119.387062
1639013797,36.536713,-119.387321
1639013800,36.536949,-119.387589
1639013803,36.537170,-119.387856
1639013806,36.537395,-119.388130
1639013809,36.537624,-119.388390
1639013812,36.537857,-119.388641
1639013815,36.538029,-119.388840
1639013818,36.538101,-119.388916
1639013821,36.538132,-119.388962
1639013824,36.538265,-119.389114
1639013827,36.538441,-119.389328
1639013830,36.538570,-119.389458
1639013833,36.538841,-119.389740
1639013836,36.539013,-119.389923
1639013839,36.539108,-119.390022
1639013842,36.539108,-119.390038
1639013845,36.539162,-119.390106
1639013848,36.539268,-119.390236
1639013851,36.539444,-119.390450
1639013854,36.539631,-119.390663
1639013857,36.539806,-119.390869
1639013860,36.539963,-119.391045
1639013863,36.540047,-119.391129
1639013866,36.540070,-119.391159
1639013869,36.540073,-119.391167
1639013872,36.540104,-119.391197
1639013875,36.540195,-119.391289
1639013878,36.540367,-119.391487
1639013881,36.540588,-119.391769
1639013884,36.540817,-119.392036
1639013887,36.541050,-119.392296
1639013890,36.541283,-119.392525
1639013893,36.541492,-119.392715
1639013896,36.541615,-119.392845
