1639001007,36.542015,-119.392906
1639001010,36.542015,-119.392906
1639001013,36.542015,-119.392906
1639001016,36.542015,-119.392906
1639001019,36.542015,-119.392906
1639001022,36.542015,-119.392906
1639001025,36.542015,-119.392906
1639001028,36.542015,-119.392906
1639001031,36.542015,-119.392906
1639001034,36.541988,-119.392914
1639001037,36.541988,-119.392914
1639001040,36.541988,-119.392914
1639001043,36.542183,-119.393074
1639001046,36.542351,-119.393234
1639001049,36.542351,-119.393234
1639001052,36.542351,-119.393234
1639001055,36.542351,-119.393234
1639001058,36.542294,-119.393135
1639001061,36.542294,-119.393135
1639001064,36.542294,-119.393135
1639001067,36.542507,-119.393471
1639001070,36.542507,-119.393471
1639001073,36.542507,-119.393471
1639001076,36.542507,-119.393471
1639001079,36.542374,-119.393326
1639001082,36.542374,-119.393326
1639001085,36.542236,-119.393158
1639001088,36.542236,-119.393158
1639001091,36.542168,-119.393082
1639001094,36.542168,-119.393082
1639001097,36.542168,-119.393082
1639001100,36.542217,-119.393143
1639001103,36.542217,-119.393143
1639001106,36.542217,-119.393143
1639001109,36.542217,-119.393143
1639001112,36.542171,-119.393044
1639001115,36.542171,-119.393044
1639001118,36.542416,-119.393280
1639001121,36.542416,-119.393280
1639001124,36.542416,-119.393280
1639001127,36.542416,-119.393280
1639001130,36.542282,-119.393234
1639001133,36.542282,-119.393234
1639001136,36.542271,-119.393219
1639001139,36.542271,-119.393219
1639001142,36.542271,-119.393219
1639001145,36.542271,-119.393219
1639001148,36.542271,-119.393204
1639001151,36.542271,-119.393204
1639001154,36.542267,-119.393204
1639001157,36.542267,-119.393204
1639001160,36.542267,-119.393204
1639001163,36.542267,-119.393204
1639001166,36.542534,-119.393494
1639001169,36.542534,-119.393494
1639001172,36.542542,-119.393547
1639001175,36.542542,-119.393547
1639001178,36.542542,-119.393547
1639001181,36.542542,-119.393547
1639001184,36.542591,-119.393578
1639001187,36.542591,-119.393578
1639001190,36.542496,-119.393517
1639001193,36.542496,-119.393517
1639001196,36.542496,-119.393517
1639001199,36.542496,-119.393517
1639001202,36.542465,-119.393532
1639001205,36.542538,-119.393600
1639001208,36.542538,-119.393600
1639001211,36.542538,-119.393600
1639001214,36.542538,-119.393600
1639001217,36.542545,-119.393646
1639001220,36.542561,-119.393646
1639001223,36.542526,-119.393616
1639001226,36.542526,-119.393616
1639001229,36.542526,-119.393616
1639001232,36.542526,-119.393616
1639001235,36.542404,-119.393562
1639001238,36.542198,-119.393959
1639001241,36.542004,-119.394386
1639001244,36.542004,-119.394386
1639001247,36.542004,-119.394386
1639001250,36.542004,-119.394386
1639001253,36.541733,-119.394989
1639001256,36.541580,-119.395340
1639001259,36.541653,-119.395561
1639001262,36.541653,-119.395561
1639001265,36.541653,-119.395561
1639001268,36.541653,-119.395561
1639001271,36.541653,-119.395561
1639001274,36.542721,-119.401939
1639001277,36.543312,-119.401550
1639001280,36.543312,-119.401550
1639001283,36.543312,-119.401550
1639001286,36.543556,-119.401817
1639001289,36.543083,-119.401886
1639001292,36.543003,-119.401833
1639001295,36.543003,-119.401833
1639001298,36.543003,-119.401833
1639001301,36.542820,-119.401909
1639001304,36.542759,-119.401978
1639001307,36.542755,-119.402168
1639001310,36.542755,-119.402168
1639001313,36.542755,-119.402168
1639001316,36.542755,-119.402168
1639001319,36.542809,-119.403114
1639001322,36.542908,-119.403717
1639001325,36.542988,-119.403702
1639001328,36.542988,-119.403702
1639001331,36.542988,-119.403702
1639001334,36.542988,-119.403702
1639001337,36.543037,-119.404205
1639001340,36.543056,-119.404167
1639001343,36.543423,-119.404480
1639001346,36.543423,-119.404480
1639001349,36.543423,-119.404480
1639001352,36.543900,-119.404671
1639001355,36.544060,-119.404694
1639001358,36.543991,-119.405014
1639001361,36.543991,-119.405014
1639001364,36.543991,-119.405014
1639001367,36.543503,-119.404564
1639001370,36.543423,-119.404472
1639001373,36.544426,-119.404152
1639001376,36.544426,-119.404152
1639001379,36.544426,-119.404152
1639001382,36.544426,-119.404152
1639001385,36.545856,-119.404037
1639001388,36.546043,-119.403908
1639001391,36.546165,-119.403900
1639001394,36.546165,-119.403900
1639001397,36.546165,-119.403900
1639001401,36.546165,-119.403900
1639001404,36.546093,-119.404015
1639001407,36.546043,-119.404037
1639001409,36.545990,-119.404114
1639001413,36.545990,-119.404114
1639001416,36.545990,-119.404114
1639001419,36.545990,-119.404114
1639001422,36.546154,-119.404106
1639001425,36.546165,-119.404152
1639001428,36.546318,-119.404373
1639001431,36.546318,-119.404373
1639001434,36.546318,-119.404373
1639001437,36.546318,-119.404373
1639001440,36.546329,-119.406120
1639001443,36.546341,-119.406319
1639001446,36.546207,-119.406815
1639001449,36.546207,-119.406815
1639001452,36.546207,-119.406815
1639001455,36.546207,-119.406815
1639001458,36.546349,-119.409050
1639001461,36.546028,-119.408897
1639001464,36.546310,-119.410263
1639001467,36.546310,-119.410263
1639001470,36.546310,-119.410263
1639001473,36.546310,-119.410263
1639001476,36.546013,-119.412872
1639001479,36.545856,-119.412941
1639001482,36.545815,-119.412895
1639001485,36.545815,-119.412895
1639001488,36.545815,-119.412895
1639001491,36.545815,-119.412895
1639001494,36.546150,-119.414207
1639001497,36.546562,-119.412880
1639001500,36.546684,-119.412613
1639001503,36.546684,-119.412613
1639001506,36.546684,-119.412613
1639001509,36.546684,-119.412613
1639001512,36.548435,-119.412521
1639001515,36.548912,-119.412529
1639001518,36.549229,-119.412514
1639001521,36.549229,-119.412514
1639001524,36.549229,-119.412514
1639001527,36.549229,-119.412514
1639001530,36.549477,-119.412262
1639001533,36.549503,-119.412193
1639001536,36.549465,-119.412033
1639001539,36.549465,-119.412033
1639001542,36.549465,-119.412033
1639001545,36.549465,-119.412033
1639001548,36.549423,-119.410545
1639001551,36.549431,-119.410309
1639001554,36.549469,-119.410309
1639001557,36.549469,-119.410309
1639001560,36.549469,-119.410309
1639001563,36.549469,-119.410309
1639001566,36.550007,-119.410141
1639001569,36.549984,-119.410118
1639001572,36.550022,-119.410072
1639001575,36.550022,-119.410072
1639001578,36.550022,-119.410072
1639001581,36.550022,-119.410072
1639001584,36.549896,-119.408882
1639001587,36.550034,-119.408470
1639001590,36.549934,-119.408257
1639001593,36.549934,-119.408257
1639001596,36.549934,-119.408257
1639001599,36.549934,-119.408257
1639001602,36.549812,-119.406563
1639001605,36.549805,-119.406425
1639001608,36.549797,-119.406303
1639001611,36.549797,-119.406303
1639001614,36.549797,-119.406303
1639001617,36.549797,-119.406303
1639001620,36.549805,-119.406410
1639001623,36.549759,-119.406319
1639001626,36.549717,-119.406403
1639001629,36.549717,-119.406403
1639001632,36.549717,-119.406403
1639001635,36.549717,-119.406403
1639001638,36.549419,-119.405434
1639001641,36.549305,-119.405144
1639001644,36.549404,-119.404922
1639001647,36.549404,-119.404922
1639001650,36.549404,-119.404922
1639001653,36.549404,-119.404922
1639001656,36.549206,-119.403992
1639001659,36.549152,-119.403938
1639001662,36.549088,-119.403984
1639001665,36.549088,-119.403984
1639001668,36.549088,-119.403984
1639001671,36.549088,-119.403984
1639001674,36.547729,-119.404030
1639001677,36.547554,-119.404045
1639001680,36.547485,-119.404106
1639001683,36.547485,-119.404106
1639001686,36.547485,-119.404106
1639001689,36.547485,-119.404106
1639001692,36.546467,-119.404121
1639001695,36.546329,-119.404160
1639001698,36.546253,-119.404190
1639001701,36.546253,-119.404190
1639001704,36.546253,-119.404190
1639001707,36.546253,-119.404190
1639001710,36.546291,-119.404144
1639001713,36.546349,-119.404175
1639001716,36.546364,-119.404106
1639001719,36.546364,-119.404106
1639001722,36.546364,-119.404106
1639001725,36.546364,-119.404106
1639001728,36.546215,-119.403992
1639001731,36.546173,-119.403969
1639001734,36.546101,-119.403908
1639001737,36.546101,-119.403908
1639001740,36.546101,-119.403908
1639001743,36.546101,-119.403908
1639001746,36.546223,-119.403038
1639001749,36.546143,-119.402695
1639001752,36.545998,-119.401978
1639001755,36.545998,-119.401978
1639001758,36.545998,-119.401978
1639001761,36.545998,-119.401978
1639001764,36.546074,-119.400093
1639001767,36.546078,-119.399986
1639001770,36.546082,-119.399590
1639001773,36.546082,-119.399590
1639001776,36.546082,-119.399590
1639001779,36.546097,-119.398811
1639001782,36.546112,-119.399094
1639001785,36.546227,-119.403069
1639001788,36.546227,-119.403069
1639001791,36.546227,-119.403069
1639001794,36.546143,-119.398247
1639001797,36.546082,-119.398232
1639001800,36.546082,-119.398422
1639001803,36.546082,-119.398422
1639001806,36.546082,-119.398422
1639001809,36.545094,-119.395554
1639001812,36.545238,-119.395180
1639001815,36.545223,-119.395103
1639001818,36.545223,-119.395103
1639001821,36.545223,-119.395103
1639001824,36.545223,-119.395103
1639001827,36.545467,-119.394905
1639001830,36.545597,-119.394920
1639001833,36.545929,-119.394943
1639001836,36.545929,-119.394943
1639001839,36.545929,-119.394943
1639001842,36.545929,-119.394943
1639001845,36.545673,-119.394943
1639001848,36.545418,-119.394875
1639001851,36.545250,-119.394882
1639001854,36.545250,-119.394882
1639001857,36.545250,-119.394882
1639001860,36.545250,-119.394882
1639001863,36.546036,-119.394936
1639001866,36.546036,-119.394951
1639001869,36.545982,-119.394958
1639001872,36.545982,-119.394958
1639001875,36.545982,-119.394958
1639001878,36.545982,-119.394958
1639001881,36.546597,-119.394943
1639001884,36.546669,-119.395042
1639001887,36.546822,-119.395126
1639001890,36.546822,-119.395126
1639001893,36.546822,-119.395126
1639001896,36.546822,-119.395126
1639001899,36.548267,-119.394989
1639001902,36.548992,-119.395103
1639001905,36.549500,-119.395134
1639001908,36.549500,-119.395134
1639001911,36.549500,-119.395134
1639001914,36.549500,-119.395134
1639001917,36.551052,-119.394920
1639001920,36.551407,-119.394844
1639001923,36.551624,-119.394684
1639001926,36.551624,-119.394684
1639001929,36.551624,-119.394684
1639001932,36.551624,-119.394684
1639001935,36.552044,-119.394608
1639001938,36.552044,-119.394615
1639001941,36.552032,-119.394577
1639001944,36.552032,-119.394577
1639001947,36.552032,-119.394577
1639001950,36.552032,-119.394577
1639001953,36.552803,-119.394608
1639001956,36.553116,-119.394691
1639001959,36.553699,-119.395180
1639001962,36.553699,-119.395180
1639001965,36.553699,-119.395180
1639001968,36.553699,-119.395180
1639001971,36.554966,-119.395470
1639001974,36.555222,-119.395454
1639001977,36.555950,-119.395317
1639001980,36.555950,-119.395317
1639001983,36.555950,-119.395317
1639001986,36.555950,-119.395317
1639001989,36.555584,-119.393616
1639001992,36.555813,-119.393448
1639001995,36.556236,-119.394135
1639001998,36.556236,-119.394135
1639002001,36.556236,-119.394135
1639002004,36.556236,-119.394135
1639002007,36.556488,-119.392433
1639002010,36.556522,-119.392197
1639002013,36.556393,-119.392059
1639002016,36.556393,-119.392059
1639002019,36.556393,-119.392059
1639002022,36.556393,-119.392059
1639002025,36.556393,-119.392059
1639002028,36.556446,-119.390617
1639002031,36.556488,-119.390541
1639002034,36.556461,-119.390472
1639002037,36.556461,-119.390472
1639002040,36.556461,-119.390472
1639002043,36.556461,-119.390472
1639002046,36.555840,-119.390305
1639002049,36.555473,-119.390381
1639002052,36.554737,-119.390846
1639002055,36.554737,-119.390846
1639002058,36.554737,-119.390846
1639002061,36.554737,-119.390846
1639002064,36.554737,-119.390846
1639002067,36.553604,-119.390678
1639002070,36.553501,-119.390610
1639002073,36.553444,-119.390610
1639002076,36.553444,-119.390610
1639002079,36.553444,-119.390610
1639002082,36.553444,-119.390610
1639002085,36.553261,-119.390678
1639002088,36.553196,-119.390938
1639002091,36.553123,-119.391342
1639002094,36.553123,-119.391342
1639002097,36.553123,-119.391342
1639002100,36.553123,-119.391342
1639002103,36.553123,-119.391342
1639002106,36.553230,-119.393295
1639002109,36.553295,-119.393715
1639002112,36.553375,-119.394035
1639002115,36.553375,-119.394035
1639002118,36.553375,-119.394035
1639002121,36.553375,-119.394035
1639002124,36.553200,-119.394791
1639002127,36.553310,-119.395111
1639002130,36.553497,-119.395409
1639002133,36.553497,-119.395409
1639002136,36.553497,-119.395409
1639002139,36.553497,-119.395409
1639002142,36.552711,-119.395172
1639002145,36.552563,-119.394844
1639002148,36.552383,-119.394943
1639002151,36.552383,-119.394943
1639002154,36.552383,-119.394943
1639002157,36.552383,-119.394943
1639002160,36.552299,-119.395409
1639002163,36.552322,-119.395546
1639002166,36.550385,-119.397087
1639002169,36.550385,-119.397087
1639002172,36.550385,-119.397087
1639002175,36.550385,-119.397087
1639002178,36.553284,-119.398193
1639002181,36.553291,-119.398308
1639002184,36.553288,-119.398491
1639002187,36.553288,-119.398491
1639002190,36.553288,-119.398491
1639002193,36.553288,-119.398491
1639002196,36.553417,-119.399490
1639002199,36.553524,-119.399696
1639002202,36.553463,-119.399734
1639002206,36.553463,-119.399734
1639002209,36.553463,-119.399734
1639002212,36.553463,-119.399734
1639002215,36.552979,-119.400894
1639002218,36.553177,-119.401535
1639002221,36.553135,-119.401924
1639002224,36.553135,-119.401924
1639002227,36.553135,-119.401924
1639002230,36.553135,-119.401924
1639002233,36.553120,-119.403763
1639002236,36.553211,-119.403984
1639002239,36.553139,-119.404221
1639002242,36.553139,-119.404221
1639002245,36.553139,-119.404221
1639002248,36.553139,-119.404221
1639002251,36.553947,-119.404236
1639002254,36.554253,-119.404259
1639002257,36.554855,-119.404091
1639002260,36.554855,-119.404091
1639002263,36.554855,-119.404091
1639002266,36.554855,-119.404091
1639002269,36.556561,-119.403786
1639002272,36.556679,-119.403709
1639002275,36.556839,-119.403671
1639002278,36.556839,-119.403671
1639002281,36.556839,-119.403671
1639002284,36.556839,-119.403671
1639002287,36.557407,-119.403610
1639002290,36.557648,-119.402435
1639002293,36.557777,-119.401787
1639002296,36.557777,-119.401787
1639002299,36.557777,-119.401787
1639002302,36.559937,-119.405167
1639002305,36.560352,-119.404404
1639002308,36.560402,-119.404274
1639002311,36.560402,-119.404274
1639002314,36.560402,-119.404274
1639002317,36.560402,-119.404274
1639002320,36.560402,-119.404274
1639002323,36.560642,-119.403000
1639002326,36.560528,-119.403137
1639002329,36.560635,-119.403030
1639002332,36.560635,-119.403030
1639002335,36.560635,-119.403030
1639002338,36.560635,-119.403030
1639002341,36.558014,-119.401115
1639002344,36.560017,-119.400856
1639002347,36.560143,-119.400803
1639002350,36.560143,-119.400803
1639002353,36.560143,-119.400803
1639002356,36.560143,-119.400803
1639002359,36.560020,-119.400108
1639002362,36.559917,-119.399567
1639002365,36.559814,-119.399467
1639002368,36.559814,-119.399467
1639002371,36.559814,-119.399467
1639002374,36.559814,-119.399467
1639002377,36.558395,-119.399750
1639002380,36.557980,-119.399933
1639002383,36.557800,-119.399994
1639002386,36.557800,-119.399994
1639002389,36.557800,-119.399994
1639002392,36.557800,-119.399994
1639002395,36.556667,-119.399910
1639002398,36.556583,-119.399780
1639002401,36.556370,-119.399666
1639002404,36.556370,-119.399666
1639002407,36.556370,-119.399666
1639002410,36.556370,-119.399666
1639002413,36.555672,-119.399826
1639002416,36.555599,-119.399887
1639002419,36.555580,-119.399773
1639002422,36.555580,-119.399773
1639002425,36.555580,-119.399773
1639002428,36.555580,-119.399773
1639002431,36.555508,-119.399780
1639002434,36.555321,-119.399750
1639002437,36.555332,-119.399727
1639002440,36.555332,-119.399727
1639002443,36.555332,-119.399727
1639002446,36.555332,-119.399727
1639002449,36.555153,-119.399719
1639002452,36.555119,-119.399712
1639002455,36.555122,-119.399727
1639002458,36.555122,-119.399727
1639002461,36.555122,-119.399727
1639002464,36.555122,-119.399727
1639002467,36.554680,-119.399651
1639002470,36.554451,-119.399590
1639002473,36.554199,-119.399529
1639002476,36.554199,-119.399529
1639002479,36.554199,-119.399529
1639002482,36.554199,-119.399529
1639002485,36.553669,-119.399712
1639002488,36.553532,-119.399727
1639002491,36.553562,-119.399818
1639002494,36.553562,-119.399818
1639002497,36.553562,-119.399818
1639002500,36.553562,-119.399818
1639002503,36.553219,-119.399429
1639002506,36.553257,-119.398903
1639002509,36.553226,-119.398697
1639002512,36.553226,-119.398697
1639002515,36.553226,-119.398697
1639002518,36.553226,-119.398697
1639002521,36.553211,-119.398308
1639002524,36.553230,-119.398308
1639002527,36.553024,-119.398590
1639002530,36.553024,-119.398590
1639002533,36.553024,-119.398590
1639002536,36.552334,-119.397636
1639002539,36.551815,-119.396622
1639002542,36.551594,-119.395096
1639002545,36.551594,-119.395096
1639002548,36.551594,-119.395096
1639002551,36.551594,-119.395096
1639002554,36.551628,-119.394455
1639002557,36.550682,-119.398102
1639002560,36.551708,-119.394913
1639002563,36.551708,-119.394913
1639002566,36.551708,-119.394913
1639002569,36.551708,-119.394913
1639002572,36.552109,-119.398270
1639002575,36.551575,-119.394691
1639002578,36.551590,-119.394653
1639002581,36.551590,-119.394653
1639002584,36.551590,-119.394653
1639002587,36.551590,-119.394653
1639002590,36.551571,-119.394798
1639002593,36.551468,-119.394783
1639002596,36.551426,-119.394814
1639002599,36.551426,-119.394814
1639002602,36.551426,-119.394814
1639002605,36.551426,-119.394814
1639002608,36.550510,-119.395325
1639002611,36.550270,-119.395340
1639002614,36.549870,-119.395325
1639002617,36.549870,-119.395325
1639002620,36.549870,-119.395325
1639002623,36.549870,-119.395325
1639002626,36.548012,-119.395378
1639002629,36.547565,-119.395187
1639002632,36.547245,-119.395195
1639002635,36.547245,-119.395195
1639002638,36.547245,-119.395195
1639002641,36.547245,-119.395195
1639002644,36.546303,-119.395042
1639002647,36.546143,-119.394974
1639002650,36.546024,-119.394859
1639002653,36.546024,-119.394859
1639002656,36.546024,-119.394859
1639002659,36.546024,-119.394859
1639002662,36.546295,-119.394997
1639002665,36.546352,-119.395027
1639002668,36.546352,-119.395004
1639002671,36.546352,-119.395004
1639002674,36.546352,-119.395004
1639002677,36.546352,-119.395004
1639002680,36.545139,-119.394897
1639002683,36.544914,-119.394775
1639002686,36.544678,-119.394402
1639002689,36.544678,-119.394402
1639002692,36.544678,-119.394402
1639002695,36.544678,-119.394402
1639002698,36.543919,-119.394012
1639002701,36.543873,-119.393997
1639002704,36.543625,-119.393845
1639002707,36.543625,-119.393845
1639002710,36.543625,-119.393845
1639002713,36.543625,-119.393845
1639002716,36.542770,-119.392616
1639002719,36.542660,-119.392433
1639002722,36.542492,-119.392197
1639002725,36.542492,-119.392197
1639002728,36.542492,-119.392197
1639002731,36.542492,-119.392197
1639002734,36.541821,-119.391457
1639002737,36.541790,-119.391464
1639002740,36.541782,-119.391457
1639002743,36.541782,-119.391457
1639002746,36.541782,-119.391457
1639002749,36.541782,-119.391457
1639002752,36.541805,-119.391563
1639002755,36.541817,-119.391724
1639002755,36.541870,-119.390511
1639002758,36.542210,-119.393173
1639002758,36.541832,-119.391762
1639002761,36.541832,-119.391762
1639002761,36.541935,-119.392967
1639002764,36.541832,-119.391762
1639002764,36.541679,-119.392899
1639002767,36.541832,-119.391762
1639002767,36.541660,-119.392853
1639002770,36.542057,-119.392662
1639002770,36.541656,-119.392845
1639002773,36.541656,-119.392845
1639002773,36.542076,-119.392883
1639002776,36.542164,-119.393082
1639002776,36.541656,-119.392845
1639002779,36.541656,-119.392845
1639002779,36.542164,-119.393082
1639002782,36.541656,-119.392845
1639002782,36.542164,-119.393082
1639002785,36.542164,-119.393082
1639002785,36.541656,-119.392845
1639002788,36.542164,-119.393204
1639002788,36.541656,-119.392845
1639002791,36.542286,-119.393250
1639002791,36.541656,-119.392845
1639002794,36.541656,-119.392845
1639002794,36.542389,-119.393410
1639002797,36.542389,-119.393410
1639002797,36.541634,-119.392899
1639002800,36.541641,-119.392914
1639002803,36.541668,-119.392975
1639002806,36.541744,-119.393089
1639002809,36.541882,-119.393242
1639002812,36.542011,-119.393379
1639002815,36.542049,-119.393532
1639002816,36.542389,-119.393410
1639002818,36.541931,-119.393753
1639002819,36.542088,-119.392975
1639002821,36.541836,-119.393883
1639002822,36.542255,-119.393105
1639002824,36.541836,-119.393890
1639002825,36.542221,-119.392982
1639002827,36.541843,-119.393890
1639002828,36.542221,-119.392982
1639002830,36.541840,-119.393890
1639002831,36.542221,-119.392982
1639002833,36.541782,-119.393967
1639002834,36.542221,-119.392982
1639002836,36.541649,-119.394142
1639002837,36.542339,-119.393150
1639002839,36.541481,-119.394371
1639002840,36.542282,-119.393150
1639002842,36.541389,-119.394508
1639002843,36.542343,-119.393166
1639002845,36.541367,-119.394547
1639002846,36.542343,-119.393166
1639002848,36.541389,-119.394691
1639002849,36.542343,-119.393166
1639002851,36.541412,-119.394821
1639002852,36.542343,-119.393166
1639002854,36.541416,-119.394821
1639002855,36.542263,-119.393196
1639002857,36.541420,-119.394821
1639002858,36.542297,-119.393196
1639002860,36.541420,-119.394821
1639002861,36.542221,-119.393074
1639002863,36.541420,-119.394821
1639002864,36.542221,-119.393074
1639002866,36.541420,-119.394821
1639002867,36.542221,-119.393074
1639002869,36.541420,-119.394821
1639002870,36.542221,-119.393074
1639002872,36.541420,-119.394821
1639002873,36.542313,-119.393318
1639002875,36.541420,-119.394821
1639002876,36.542412,-119.393372
1639002878,36.541420,-119.394821
1639002879,36.542343,-119.393303
1639002881,36.541409,-119.394821
1639002882,36.542343,-119.393303
1639002884,36.541401,-119.394974
1639002885,36.542343,-119.393303
1639002887,36.541393,-119.395149
1639002888,36.542343,-119.393303
1639002890,36.541367,-119.395332
1639002891,36.542355,-119.393272
1639002893,36.541382,-119.395638
1639002894,36.542347,-119.393326
1639002896,36.541512,-119.395996
1639002897,36.542419,-119.393333
1639002899,36.541782,-119.396370
1639002900,36.542419,-119.393333
1639002902,36.542084,-119.396751
1639002903,36.542419,-119.393333
1639002905,36.542316,-119.397125
1639002906,36.542419,-119.393333
1639002908,36.542366,-119.397583
1639002909,36.542145,-119.392708
1639002911,36.542358,-119.398109
1639002912,36.542133,-119.392891
1639002914,36.542358,-119.398682
1639002915,36.542183,-119.392952
1639002917,36.542351,-119.399246
1639002918,36.542183,-119.392952
1639002920,36.542347,-119.399818
1639002921,36.542183,-119.392952
1639002923,36.542343,-119.400383
1639002924,36.542183,-119.392952
1639002926,36.542339,-119.400955
1639002927,36.542141,-119.392960
1639002929,36.542332,-119.401535
1639002930,36.542114,-119.392990
1639002932,36.542332,-119.402130
1639002933,36.542076,-119.392937
1639002935,36.542332,-119.402702
1639002936,36.542076,-119.392937
1639002938,36.542324,-119.403229
1639002939,36.542076,-119.392937
1639002941,36.542320,-119.403625
1639002942,36.542076,-119.392937
1639002944,36.542328,-119.403839
1639002945,36.542168,-119.393051
1639002947,36.542343,-119.403908
1639002948,36.542152,-119.393059
1639002950,36.542389,-119.403992
1639002951,36.542229,-119.393143
1639002953,36.542591,-119.404045
1639002954,36.542229,-119.393143
1639002956,36.542889,-119.404053
1639002957,36.542229,-119.393143
1639002959,36.543190,-119.404015
1639002960,36.542229,-119.393143
1639002962,36.543400,-119.404007
1639002963,36.542229,-119.393127
1639002965,36.543480,-119.404015
1639002966,36.542229,-119.393150
1639002968,36.543488,-119.404015
1639002969,36.542324,-119.393402
1639002971,36.543491,-119.404015
1639002972,36.542324,-119.393402
1639002974,36.543495,-119.404022
1639002975,36.542324,-119.393402
1639002977,36.543499,-119.404022
1639002978,36.542324,-119.393402
1639002980,36.543507,-119.404022
1639002981,36.542839,-119.393959
1639002983,36.543507,-119.404022
1639002984,36.543072,-119.394150
1639002986,36.543507,-119.404022
1639002987,36.543205,-119.394211
1639002989,36.543510,-119.404022
1639002990,36.543205,-119.394211
1639002992,36.543663,-119.404030
1639002993,36.543205,-119.394211
1639002995,36.543941,-119.404030
1639002996,36.543205,-119.394211
1639002998,36.544323,-119.404007
1639002999,36.543205,-119.394211
1639003001,36.544762,-119.403999
1639003002,36.543182,-119.394272
1639003004,36.545197,-119.403999
1639003005,36.543221,-119.394325
1639003007,36.545555,-119.403984
1639003008,36.543205,-119.394257
1639003010,36.545769,-119.403984
1639003011,36.543205,-119.394257
1639003013,36.545830,-119.403976
1639003014,36.543205,-119.394257
1639003016,36.545822,-119.403984
1639003017,36.543205,-119.394257
1639003019,36.545830,-119.403984
1639003020,36.543205,-119.394257
1639003022,36.545841,-119.403984
1639003023,36.545002,-119.394867
1639003025,36.545887,-119.403969
1639003026,36.545036,-119.394920
1639003028,36.545937,-119.403847
1639003029,36.545109,-119.394875
1639003031,36.545940,-119.403511
1639003032,36.545109,-119.394875
1639003034,36.545933,-119.403046
1639003035,36.545109,-119.394875
1639003037,36.545921,-119.402481
1639003038,36.545109,-119.394875
1639003040,36.545918,-119.401901
1639003041,36.545528,-119.394623
1639003043,36.545910,-119.401321
1639003044,36.545605,-119.394547
1639003046,36.545898,-119.400726
1639003047,36.545704,-119.394547
1639003049,36.545891,-119.400139
1639003050,36.545704,-119.394547
1639003052,36.545879,-119.399574
1639003053,36.545704,-119.394547
1639003055,36.545868,-119.399094
1639003056,36.545704,-119.394547
1639003058,36.545868,-119.398781
1639003059,36.545704,-119.394470
1639003061,36.545872,-119.398705
1639003062,36.545582,-119.394684
1639003064,36.545872,-119.398659
1639003065,36.545570,-119.394730
1639003067,36.545879,-119.398659
1639003068,36.545570,-119.394730
1639003071,36.545570,-119.394730
1639003071,36.545883,-119.398605
1639003074,36.545872,-119.398338
1639003074,36.545570,-119.394730
1639003077,36.545635,-119.394554
1639003077,36.545872,-119.397903
1639003080,36.545856,-119.397377
1639003080,36.545635,-119.394379
1639003083,36.545845,-119.396843
1639003083,36.545605,-119.394386
1639003086,36.545605,-119.394386
1639003086,36.545834,-119.396324
1639003089,36.545822,-119.395889
1639003089,36.545605,-119.394386
1639003092,36.545815,-119.395576
1639003092,36.545605,-119.394386
1639003095,36.545811,-119.395363
1639003095,36.545788,-119.394516
1639003098,36.545601,-119.394341
1639003098,36.545811,-119.395264
1639003101,36.545494,-119.393890
1639003101,36.545811,-119.395241
1639003104,36.545815,-119.395256
1639003104,36.545494,-119.393890
1639003107,36.545815,-119.395241
1639003107,36.545494,-119.393890
1639003110,36.545494,-119.393890
1639003110,36.545811,-119.395241
1639003113,36.545620,-119.392593
1639003113,36.545811,-119.395241
1639003116,36.545815,-119.392372
1639003116,36.545811,-119.395241
1639003119,36.545811,-119.395241
1639003119,36.545887,-119.391914
1639003122,36.545811,-119.395241
1639003122,36.545887,-119.391914
1639003125,36.545811,-119.395241
1639003125,36.545887,-119.391914
1639003128,36.545887,-119.391914
1639003128,36.545811,-119.395241
1639003131,36.545811,-119.395241
1639003131,36.545963,-119.389969
1639003134,36.545811,-119.395241
1639003135,36.545792,-119.389534
1639003137,36.545818,-119.395195
1639003137,36.545792,-119.389534
1639003140,36.545792,-119.389534
1639003140,36.545815,-119.394974
1639003143,36.545795,-119.394623
1639003143,36.545792,-119.389534
1639003146,36.545788,-119.394264
1639003147,36.545433,-119.388237
1639003149,36.545750,-119.393990
1639003150,36.545357,-119.387863
1639003152,36.545616,-119.393784
1639003153,36.545609,-119.386856
1639003155,36.545414,-119.393570
1639003156,36.545609,-119.386856
1639003158,36.545177,-119.393318
1639003159,36.545609,-119.386856
1639003161,36.544945,-119.393066
1639003162,36.545609,-119.386856
1639003164,36.544716,-119.392807
1639003165,36.545609,-119.386856
1639003167,36.544476,-119.392540
1639003168,36.545647,-119.384888
1639003170,36.544235,-119.392273
1639003171,36.545631,-119.384460
1639003173,36.543926,-119.391907
1639003174,36.545704,-119.384079
1639003176,36.543690,-119.391632
1639003177,36.545704,-119.384079
1639003179,36.543446,-119.391365
1639003180,36.545704,-119.384079
1639003182,36.543201,-119.391083
1639003183,36.545704,-119.384079
1639003185,36.542950,-119.390800
1639003186,36.545624,-119.382492
1639003188,36.542694,-119.390541
1639003189,36.545578,-119.382111
1639003191,36.542450,-119.390274
1639003192,36.545570,-119.382004
1639003194,36.542217,-119.389984
1639003195,36.545570,-119.382004
1639003197,36.541988,-119.389717
1639003198,36.545570,-119.382004
1639003200,36.541813,-119.389511
1639003201,36.545570,-119.382004
1639003203,36.541706,-119.389389
1639003204,36.545570,-119.382004
1639003206,36.541679,-119.389359
1639003207,36.545624,-119.379852
1639003209,36.541668,-119.389343
1639003210,36.545525,-119.379623
1639003212,36.541660,-119.389328
1639003213,36.545475,-119.379181
1639003215,36.541679,-119.389351
1639003216,36.545475,-119.379181
1639003218,36.541672,-119.389351
1639003219,36.545475,-119.379181
1639003221,36.541664,-119.389343
1639003222,36.545475,-119.379181
1639003224,36.541672,-119.389343
1639003225,36.545097,-119.377594
1639003227,36.541664,-119.389336
1639003228,36.545074,-119.377197
1639003230,36.541660,-119.389336
1639003231,36.545010,-119.376869
1639003233,36.541679,-119.389359
1639003234,36.545010,-119.376869
1639003236,36.541637,-119.389305
1639003237,36.545010,-119.376869
1639003239,36.541553,-119.389221
1639003240,36.545010,-119.376869
1639003242,36.541496,-119.389153
1639003243,36.544857,-119.376694
1639003245,36.541466,-119.389114
1639003246,36.544720,-119.376625
1639003248,36.541378,-119.389008
1639003249,36.544582,-119.376610
1639003251,36.541229,-119.388832
1639003252,36.544582,-119.376610
1639003254,36.541046,-119.388618
1639003255,36.544582,-119.376610
1639003257,36.540890,-119.388443
1639003258,36.544582,-119.376610
1639003260,36.540771,-119.388321
1639003261,36.543083,-119.376648
1639003263,36.540718,-119.388260
1639003264,36.542751,-119.376831
1639003266,36.540707,-119.388245
1639003267,36.542900,-119.376877
1639003269,36.540665,-119.388191
1639003270,36.542900,-119.376877
1639003272,36.540661,-119.388062
1639003273,36.542900,-119.376877
1639003275,36.540798,-119.387863
1639003276,36.541718,-119.377075
1639003278,36.540977,-119.387611
1639003279,36.541504,-119.377060
1639003281,36.541142,-119.387375
1639003282,36.541111,-119.377190
1639003284,36.541245,-119.387253
1639003285,36.541111,-119.377190
1639003287,36.541256,-119.387238
1639003288,36.541111,-119.377190
1639003290,36.541264,-119.387222
1639003291,36.541111,-119.377190
1639003293,36.541325,-119.387146
1639003294,36.539940,-119.376793
1639003296,36.541481,-119.386948
1639003297,36.539719,-119.376724
1639003299,36.541668,-119.386688
1639003300,36.539379,-119.376717
1639003302,36.541843,-119.386459
1639003303,36.539379,-119.376717
1639003305,36.541950,-119.386307
1639003306,36.539379,-119.376717
1639003308,36.541965,-119.386284
1639003309,36.539379,-119.376717
1639003311,36.541996,-119.386230
1639003312,36.538876,-119.377052
1639003314,36.542107,-119.386177
1639003315,36.538860,-119.377060
1639003317,36.542236,-119.386261
1639003318,36.538895,-119.377106
1639003320,36.542412,-119.386459
1639003321,36.538895,-119.377106
1639003323,36.542633,-119.386703
1639003324,36.538895,-119.377106
1639003326,36.542847,-119.386932
1639003327,36.538895,-119.377106
1639003329,36.542988,-119.387077
1639003330,36.538940,-119.377068
1639003332,36.543041,-119.387131
1639003333,36.538948,-119.377052
1639003335,36.543118,-119.387154
1639003336,36.538963,-119.377060
1639003338,36.543259,-119.387047
1639003339,36.538963,-119.377060
1639003341,36.543385,-119.386841
1639003342,36.538963,-119.377060
1639003344,36.543564,-119.386604
1639003345,36.538963,-119.377060
1639003347,36.543758,-119.386322
1639003348,36.538940,-119.377129
1639003350,36.543980,-119.386024
1639003351,36.538960,-119.377068
1639003353,36.544209,-119.385735
1639003354,36.538960,-119.377060
1639003356,36.544380,-119.385506
1639003357,36.538960,-119.377060
1639003359,36.544445,-119.385345
1639003360,36.538960,-119.377060
1639003362,36.544441,-119.385231
1639003363,36.538960,-119.377060
1639003365,36.544434,-119.385033
1639003366,36.538937,-119.377121
1639003368,36.544426,-119.384758
1639003369,36.538933,-119.377129
1639003371,36.544418,-119.384445
1639003372,36.538944,-119.377129
1639003374,36.544407,-119.384087
1639003375,36.538944,-119.377129
1639003377,36.544399,-119.383713
1639003378,36.538944,-119.377129
1639003380,36.544388,-119.383347
1639003381,36.538944,-119.377129
1639003383,36.544376,-119.382996
1639003384,36.538982,-119.377037
1639003386,36.544365,-119.382645
1639003387,36.539013,-119.377022
1639003389,36.544353,-119.382301
1639003390,36.538986,-119.377007
1639003392,36.544346,-119.381966
1639003393,36.538986,-119.377007
1639003395,36.544323,-119.381577
1639003396,36.538986,-119.377007
1639003398,36.544315,-119.381172
1639003399,36.538986,-119.377007
1639003401,36.544296,-119.380791
1639003402,36.539028,-119.376976
1639003404,36.544262,-119.380447
1639003405,36.539013,-119.377068
1639003407,36.544266,-119.380257
1639003408,36.538994,-119.377083
1639003410,36.544266,-119.380257
1639003411,36.538994,-119.377083
1639003413,36.544262,-119.380264
1639003414,36.538994,-119.377083
1639003416,36.544250,-119.380264
1639003417,36.538815,-119.377228
1639003419,36.544247,-119.380264
1639003420,36.538815,-119.377228
1639003422,36.544247,-119.380272
1639003423,36.538815,-119.377228
1639003425,36.544243,-119.380219
1639003426,36.538815,-119.377228
1639003428,36.544243,-119.380219
1639003429,36.538513,-119.377083
1639003431,36.544243,-119.380219
1639003432,36.538361,-119.377121
1639003434,36.544243,-119.380219
1639003435,36.538288,-119.376846
1639003437,36.544243,-119.380219
1639003438,36.538288,-119.376846
1639003440,36.544243,-119.380219
1639003441,36.538288,-119.376846
1639003443,36.544243,-119.380219
1639003444,36.538288,-119.376846
1639003446,36.544243,-119.380219
1639003447,36.537510,-119.376938
1639003449,36.544243,-119.380219
1639003450,36.537148,-119.376633
1639003452,36.544243,-119.380219
1639003453,36.536938,-119.376511
1639003455,36.544243,-119.380219
1639003456,36.536938,-119.376511
1639003458,36.544243,-119.380219
1639003459,36.536938,-119.376511
1639003461,36.544243,-119.380219
1639003462,36.536938,-119.376511
1639003464,36.544243,-119.380219
1639003465,36.535255,-119.376259
1639003467,36.544243,-119.380219
1639003468,36.535873,-119.380219
1639003470,36.544243,-119.380219
1639003471,36.535011,-119.376381
1639003473,36.544243,-119.380219
1639003474,36.535011,-119.376381
1639003476,36.544243,-119.380219
1639003477,36.535011,-119.376381
1639003479,36.544243,-119.380219
1639003480,36.535011,-119.376381
1639003482,36.544243,-119.380219
1639003483,36.533562,-119.376907
1639003485,36.544243,-119.380219
1639003486,36.533329,-119.377068
1639003488,36.544243,-119.380219
1639003489,36.532990,-119.376999
1639003491,36.544243,-119.380219
1639003492,36.532990,-119.376999
1639003494,36.544243,-119.380219
1639003495,36.532990,-119.376999
1639003497,36.544243,-119.380219
1639003498,36.532990,-119.376999
1639003500,36.544243,-119.380219
1639003501,36.531651,-119.378136
1639003503,36.544243,-119.380219
1639003504,36.531826,-119.377655
1639003506,36.544243,-119.380219
1639003507,36.531723,-119.377731
1639003509,36.544243,-119.380219
1639003510,36.531723,-119.377731
1639003512,36.544243,-119.380219
1639003513,36.531723,-119.377731
1639003515,36.544243,-119.380219
1639003516,36.531723,-119.377731
1639003518,36.544243,-119.380219
1639003519,36.531765,-119.377647
1639003521,36.544243,-119.380219
1639003522,36.531757,-119.377678
1639003524,36.544243,-119.380219
1639003525,36.531879,-119.378113
1639003527,36.544243,-119.380219
1639003528,36.531879,-119.378113
1639003530,36.544243,-119.380219
1639003531,36.531879,-119.378113
1639003533,36.544243,-119.380219
1639003534,36.531879,-119.378113
1639003536,36.544243,-119.380219
1639003537,36.531387,-119.379692
1639003539,36.544243,-119.380219
1639003540,36.531303,-119.380119
1639003542,36.544243,-119.380219
1639003543,36.531311,-119.380562
1639003545,36.544243,-119.380219
1639003546,36.531311,-119.380562
1639003548,36.544243,-119.380219
1639003549,36.531311,-119.380562
1639003551,36.544243,-119.380219
1639003552,36.531311,-119.380562
1639003554,36.544243,-119.380219
1639003555,36.531357,-119.381699
1639003557,36.544243,-119.380219
1639003558,36.531380,-119.381805
1639003560,36.544243,-119.380219
1639003561,36.531387,-119.381805
1639003563,36.544235,-119.380264
1639003564,36.531387,-119.381805
1639003566,36.544239,-119.380226
1639003567,36.531387,-119.381805
1639003569,36.544239,-119.380142
1639003570,36.531387,-119.381805
1639003572,36.544239,-119.380058
1639003573,36.531422,-119.381767
1639003575,36.544167,-119.379982
1639003576,36.531418,-119.381760
1639003578,36.543980,-119.379974
1639003579,36.531345,-119.381790
1639003581,36.543762,-119.380005
1639003582,36.531345,-119.381790
1639003584,36.543587,-119.379997
1639003585,36.531345,-119.381790
1639003587,36.543476,-119.379852
1639003588,36.531204,-119.382690
1639003590,36.543461,-119.379631
1639003591,36.531094,-119.382980
1639003593,36.543350,-119.379486
1639003594,36.530891,-119.383110
1639003596,36.543159,-119.379486
1639003597,36.530891,-119.383110
1639003599,36.542973,-119.379478
1639003600,36.530891,-119.383110
1639003602,36.542881,-119.379478
1639003603,36.530891,-119.383110
1639003605,36.542828,-119.379509
1639003606,36.530823,-119.383789
1639003608,36.542801,-119.379684
1639003609,36.530785,-119.383919
1639003611,36.542820,-119.379967
1639003612,36.530811,-119.383911
1639003614,36.542831,-119.380341
1639003615,36.530811,-119.383911
1639003617,36.542847,-119.380722
1639003618,36.530811,-119.383911
1639003620,36.542854,-119.381088
1639003621,36.530811,-119.383911
1639003623,36.542858,-119.381439
1639003624,36.530842,-119.383850
1639003626,36.542858,-119.381775
1639003627,36.530872,-119.383827
1639003629,36.542866,-119.382088
1639003630,36.530865,-119.383812
1639003632,36.542862,-119.382271
1639003633,36.530865,-119.383812
1639003635,36.542809,-119.382324
1639003636,36.530865,-119.383812
1639003638,36.542713,-119.382339
1639003639,36.530865,-119.383812
1639003641,36.542503,-119.382324
1639003642,36.530869,-119.383804
1639003644,36.542263,-119.382324
1639003645,36.530899,-119.383797
1639003647,36.542027,-119.382317
1639003648,36.530907,-119.383789
1639003650,36.541782,-119.382324
1639003651,36.530907,-119.383789
1639003653,36.541618,-119.382339
1639003654,36.530907,-119.383789
1639003656,36.541595,-119.382339
1639003657,36.530907,-119.383789
1639003659,36.541531,-119.382401
1639003660,36.530907,-119.383789
1639003662,36.541477,-119.382523
1639003663,36.530872,-119.383751
1639003665,36.541424,-119.382576
1639003666,36.530895,-119.383743
1639003668,36.541344,-119.382584
1639003669,36.530903,-119.383743
1639003672,36.530903,-119.383743
1639003672,36.541164,-119.382576
1639003674,36.541088,-119.382576
1639003675,36.530903,-119.383743
1639003677,36.540600,-119.382568
1639003678,36.530903,-119.383743
1639003680,36.540302,-119.382561
1639003681,36.530903,-119.383743
1639003683,36.540001,-119.382553
1639003684,36.530865,-119.383812
1639003686,36.539711,-119.382553
1639003687,36.530865,-119.383766
1639003689,36.539429,-119.382561
1639003690,36.530857,-119.383781
1639003692,36.539181,-119.382553
1639003693,36.530857,-119.383781
1639003695,36.538952,-119.382553
1639003696,36.530857,-119.383781
1639003698,36.538719,-119.382553
1639003699,36.530857,-119.383781
1639003701,36.538517,-119.382545
1639003702,36.530857,-119.383781
1639003704,36.538425,-119.382545
1639003705,36.530869,-119.383850
1639003707,36.538410,-119.382545
1639003708,36.530838,-119.383812
1639003710,36.538387,-119.382545
1639003711,36.530846,-119.383850
1639003713,36.538296,-119.382545
1639003714,36.530846,-119.383850
1639003716,36.538147,-119.382545
1639003717,36.530846,-119.383850
1639003719,36.537930,-119.382538
1639003720,36.530846,-119.383850
1639003723,36.530846,-119.383850
1639003723,36.537701,-119.382538
1639003726,36.530891,-119.383705
1639003726,36.537540,-119.382545
1639003729,36.530849,-119.383759
1639003729,36.537464,-119.382622
1639003732,36.537453,-119.382767
1639003732,36.530872,-119.383720
1639003735,36.537457,-119.382927
1639003735,36.530872,-119.383720
1639003738,36.530872,-119.383720
1639003738,36.537464,-119.383095
1639003741,36.537464,-119.383324
1639003741,36.530872,-119.383720
1639003744,36.537479,-119.383682
1639003744,36.530880,-119.383759
1639003747,36.537491,-119.384048
1639003747,36.530849,-119.383835
1639003750,36.537498,-119.384392
1639003750,36.530861,-119.383789
1639003753,36.530861,-119.383789
1639003753,36.537502,-119.384735
1639003756,36.537506,-119.385078
1639003756,36.530861,-119.383789
1639003759,36.537514,-119.385406
1639003759,36.530861,-119.383789
1639003762,36.530861,-119.383789
1639003762,36.537518,-119.385689
1639003765,36.530857,-119.383667
1639003765,36.537525,-119.385841
1639003768,36.537525,-119.385887
1639003768,36.530880,-119.383743
1639003771,36.537521,-119.385948
1639003771,36.530895,-119.383713
1639003774,36.530895,-119.383713
1639003774,36.537426,-119.385971
1639003777,36.537193,-119.385963
1639003777,36.530895,-119.383713
1639003780,36.536911,-119.385963
1639003780,36.530895,-119.383713
1639003783,36.530891,-119.383713
1639003783,36.536636,-119.385956
1639003786,36.536346,-119.385948
1639003786,36.530865,-119.383751
1639003789,36.530865,-119.383774
1639003789,36.536037,-119.385956
1639003792,36.535725,-119.385948
1639003792,36.530865,-119.383774
1639003795,36.530865,-119.383774
1639003795,36.535412,-119.385941
1639003798,36.530865,-119.383774
1639003798,36.535110,-119.385963
1639003801,36.534916,-119.385963
1639003801,36.530895,-119.383766
1639003804,36.530907,-119.383713
1639003804,36.534882,-119.385963
1639003807,36.534863,-119.385963
1639003807,36.530933,-119.383675
1639003810,36.534847,-119.385971
1639003810,36.530933,-119.383675
1639003813,36.534821,-119.385963
1639003813,36.530933,-119.383675
1639003816,36.530933,-119.383675
1639003816,36.534580,-119.385956
1639003819,36.530888,-119.383759
1639003819,36.534298,-119.385956
1639003822,36.534004,-119.385971
1639003822,36.530910,-119.383705
1639003825,36.533802,-119.385979
1639003825,36.530907,-119.383820
1639003828,36.533672,-119.385979
1639003828,36.530907,-119.383820
1639003831,36.533619,-119.385979
1639003831,36.530907,-119.383820
1639003834,36.530907,-119.383820
1639003834,36.533611,-119.385979
1639003837,36.530907,-119.383820
1639003837,36.533604,-119.385979
1639003840,36.530956,-119.383789
1639003840,36.533596,-119.385979
1639003843,36.533588,-119.385979
1639003843,36.530949,-119.383774
1639003846,36.530922,-119.383911
1639003846,36.533577,-119.385979
1639003849,36.530922,-119.383911
1639003849,36.533577,-119.385979
1639003852,36.533600,-119.385971
1639003852,36.530922,-119.383911
1639003855,36.530922,-119.383911
1639003855,36.533527,-119.385971
1639003858,36.531036,-119.384735
1639003858,36.533302,-119.385956
1639003861,36.531055,-119.385017
1639003861,36.532990,-119.385941
1639003864,36.532642,-119.385941
1639003864,36.531136,-119.385307
1639003867,36.531136,-119.385307
1639003867,36.532207,-119.385948
1639003870,36.531910,-119.385941
1639003870,36.531136,-119.385307
1639003873,36.531635,-119.385941
1639003873,36.531136,-119.385307
1639003876,36.531376,-119.385750
1639003876,36.531414,-119.385941
1639003879,36.531330,-119.385933
1639003879,36.531380,-119.385902
1639003882,36.531315,-119.385941
1639003883,36.531387,-119.386070
1639003885,36.531288,-119.385941
1639003885,36.531387,-119.386070
1639003888,36.531387,-119.386070
1639003888,36.531227,-119.386086
1639003891,36.531212,-119.386406
1639003891,36.531387,-119.386070
1639003894,36.531235,-119.386856
1639003895,36.531784,-119.386040
1639003897,36.531250,-119.387344
1639003898,36.532238,-119.385963
1639003900,36.531254,-119.387863
1639003901,36.532608,-119.386032
1639003903,36.531273,-119.388390
1639003904,36.532608,-119.386032
1639003906,36.531284,-119.388916
1639003907,36.532608,-119.386032
1639003909,36.531292,-119.389435
1639003910,36.532608,-119.386032
1639003912,36.531307,-119.389961
1639003913,36.532608,-119.386032
1639003915,36.531315,-119.390480
1639003916,36.534046,-119.385933
1639003918,36.531326,-119.390968
1639003919,36.534035,-119.385918
1639003921,36.531357,-119.391357
1639003922,36.533970,-119.386101
1639003924,36.531368,-119.391579
1639003925,36.533970,-119.386101
1639003927,36.531368,-119.391617
1639003928,36.533970,-119.386101
1639003930,36.531372,-119.391655
1639003931,36.533970,-119.386101
1639003933,36.531372,-119.391663
1639003934,36.533772,-119.385368
1639003936,36.531368,-119.391663
1639003937,36.533787,-119.385277
1639003939,36.531376,-119.391670
1639003940,36.533764,-119.385201
1639003942,36.531376,-119.391685
1639003943,36.533764,-119.385201
1639003945,36.531376,-119.391685
1639003946,36.533764,-119.385201
1639003948,36.531372,-119.391632
1639003949,36.533764,-119.385201
1639003951,36.531353,-119.391747
1639003952,36.533905,-119.385185
1639003954,36.531334,-119.391968
1639003955,36.535007,-119.385338
1639003957,36.531322,-119.392235
1639003958,36.535301,-119.385323
1639003960,36.531326,-119.392464
1639003961,36.535301,-119.385323
1639003963,36.531364,-119.392624
1639003964,36.535301,-119.385323
1639003966,36.531479,-119.392685
1639003967,36.535301,-119.385323
1639003969,36.531666,-119.392685
1639003970,36.536064,-119.385712
1639003972,36.531891,-119.392685
1639003973,36.536488,-119.385979
1639003975,36.532124,-119.392685
1639003976,36.536491,-119.386513
1639003978,36.532322,-119.392693
1639003979,36.536491,-119.386513
1639003981,36.532501,-119.392693
1639003982,36.536491,-119.386513
1639003984,36.532646,-119.392677
1639003985,36.536491,-119.386513
1639003987,36.532772,-119.392670
1639003988,36.537113,-119.387566
1639003990,36.532925,-119.392693
1639003991,36.537220,-119.387665
1639003993,36.533119,-119.392693
1639003994,36.537334,-119.387848
1639003996,36.533371,-119.392677
1639003997,36.537334,-119.387848
1639003999,36.533627,-119.392654
1639004000,36.537334,-119.387848
1639004002,36.533783,-119.392647
1639004003,36.537334,-119.387848
1639004005,36.533806,-119.392647
1639004006,36.538116,-119.388603
1639004008,36.533813,-119.392647
1639004009,36.538177,-119.388695
1639004011,36.533813,-119.392647
1639004012,36.538208,-119.388718
1639004014,36.533810,-119.392647
1639004015,36.538208,-119.388718
1639004017,36.533817,-119.392647
1639004018,36.538208,-119.388718
1639004020,36.533810,-119.392647
1639004021,36.538208,-119.388718
1639004023,36.533810,-119.392647
1639004024,36.538475,-119.388649
1639004026,36.533829,-119.392654
1639004027,36.538475,-119.388542
1639004029,36.533962,-119.392685
1639004030,36.538525,-119.388588
1639004032,36.534187,-119.392677
1639004033,36.538525,-119.388588
1639004035,36.534447,-119.392693
1639004036,36.538525,-119.388588
1639004038,36.534676,-119.392776
1639004039,36.538525,-119.388588
1639004041,36.534786,-119.392838
1639004042,36.539684,-119.389359
1639004044,36.534824,-119.392853
1639004045,36.539745,-119.389435
1639004047,36.534966,-119.392975
1639004048,36.539806,-119.389381
1639004050,36.535160,-119.393188
1639004051,36.539806,-119.389381
1639004053,36.535404,-119.393471
1639004054,36.539806,-119.389381
1639004056,36.535645,-119.393738
1639004057,36.539806,-119.389381
1639004059,36.535866,-119.393982
1639004060,36.539783,-119.389359
1639004062,36.536011,-119.394142
1639004063,36.539791,-119.389336
1639004065,36.536152,-119.394150
1639004066,36.539822,-119.389168
1639004068,36.536308,-119.393967
1639004069,36.539822,-119.389168
1639004071,36.536495,-119.393707
1639004072,36.539822,-119.389168
1639004074,36.536690,-119.393433
1639004075,36.539822,-119.389168
1639004077,36.536888,-119.393173
1639004078,36.539856,-119.388977
1639004080,36.537086,-119.392899
1639004081,36.539894,-119.388992
1639004083,36.537270,-119.392647
1639004084,36.539867,-119.388992
1639004086,36.537411,-119.392441
1639004087,36.539867,-119.388992
1639004089,36.537457,-119.392372
1639004090,36.539867,-119.388992
1639004092,36.537487,-119.392342
1639004093,36.539867,-119.388992
1639004095,36.537601,-119.392303
1639004096,36.539814,-119.388954
1639004098,36.537758,-119.392426
1639004099,36.539822,-119.388969
1639004101,36.537964,-119.392662
1639004102,36.539909,-119.388969
1639004104,36.538193,-119.392914
1639004105,36.539909,-119.388969
1639004107,36.538387,-119.393127
1639004108,36.539909,-119.388969
1639004110,36.538486,-119.393227
1639004111,36.539909,-119.388969
1639004113,36.538498,-119.393242
1639004114,36.540234,-119.389488
1639004116,36.538509,-119.393250
1639004117,36.540325,-119.389557
1639004119,36.538551,-119.393265
1639004120,36.540337,-119.389626
1639004122,36.538677,-119.393196
1639004123,36.540337,-119.389626
1639004125,36.538834,-119.392982
1639004126,36.540337,-119.389626
1639004128,36.539017,-119.392715
1639004129,36.540337,-119.389626
1639004131,36.539215,-119.392441
1639004132,36.540554,-119.389687
1639004134,36.539398,-119.392181
1639004135,36.540619,-119.389801
1639004137,36.539551,-119.391953
1639004138,36.540676,-119.389938
1639004140,36.539654,-119.391792
1639004141,36.540676,-119.389938
1639004143,36.539673,-119.391762
1639004144,36.540676,-119.389938
1639004146,36.539680,-119.391747
1639004147,36.540676,-119.389938
1639004149,36.539696,-119.391724
1639004150,36.540718,-119.390038
1639004152,36.539749,-119.391678
1639004153,36.540722,-119.390015
1639004155,36.539875,-119.391518
1639004156,36.540710,-119.390007
1639004158,36.540001,-119.391342
1639004159,36.540710,-119.390007
1639004161,36.540131,-119.391281
1639004162,36.540710,-119.390007
1639004164,36.540295,-119.391418
1639004165,36.540710,-119.390007
1639004167,36.540493,-119.391663
1639004168,36.540684,-119.389992
1639004170,36.540695,-119.391907
1639004171,36.540710,-119.390007
1639004173,36.540916,-119.392143
1639004174,36.540756,-119.390007
1639004176,36.541130,-119.392380
1639004177,36.540756,-119.390007
1639004179,36.541355,-119.392586
1639004180,36.540756,-119.390007
1639004182,36.541534,-119.392761
1639004183,36.540756,-119.390007
1639004185,36.541645,-119.392868
1639004186,36.541061,-119.390274
1639004188,36.541664,-119.392883
1639004189,36.541103,-119.390305
1639004191,36.541668,-119.392815
1639004192,36.541107,-119.390373
1639004194,36.541641,-119.392891
1639004195,36.541107,-119.390373
1639004197,36.541634,-119.392899
1639004198,36.541107,-119.390373
1639004200,36.541622,-119.392906
1639004201,36.541107,-119.390373
1639004203,36.541622,-119.392914
1639004204,36.541412,-119.390747
1639004206,36.541622,-119.392906
1639004207,36.541500,-119.390884
1639004209,36.541622,-119.392906
1639004210,36.541828,-119.391197
1639004212,36.541622,-119.392899
1639004213,36.541828,-119.391197
1639004215,36.541615,-119.392891
1639004216,36.541828,-119.391197
1639004218,36.541611,-119.392883
1639004219,36.541828,-119.391197
1639004221,36.541607,-119.392883
1639004222,36.541958,-119.391556
1639004224,36.541607,-119.392883
1639004225,36.541912,-119.391609
1639004227,36.541607,-119.392883
1639004228,36.541843,-119.391632
1639004230,36.541607,-119.392883
1639004231,36.541843,-119.391632
1639004233,36.541607,-119.392883
1639004234,36.541843,-119.391632
1639004236,36.541607,-119.392883
1639004237,36.541843,-119.391632
1639004239,36.541607,-119.392883
1639004240,36.541790,-119.391701
1639004242,36.541607,-119.392883
1639004243,36.541771,-119.391647
1639004245,36.541607,-119.392883
1639004246,36.541813,-119.391747
1639004248,36.541607,-119.392883
1639004249,36.541813,-119.391747
1639004251,36.541607,-119.392883
1639004252,36.541813,-119.391747
1639004254,36.541607,-119.392883
1639004255,36.541813,-119.391747
1639004257,36.541607,-119.392883
1639004258,36.542130,-119.392715
1639004260,36.541607,-119.392883
1639004261,36.542118,-119.392891
1639004263,36.541607,-119.392883
1639004264,36.542103,-119.392960
1639004266,36.541622,-119.392876
1639004267,36.542103,-119.392960
1639004269,36.541622,-119.392891
1639004270,36.542103,-119.392960
1639004272,36.541611,-119.392906
1639004273,36.542103,-119.392960
1639004275,36.541599,-119.392914
1639004276,36.542294,-119.393318
1639004278,36.541599,-119.392914
1639004279,36.542522,-119.393463
1639004281,36.541599,-119.392914
1639004282,36.542587,-119.393494
1639004284,36.541599,-119.392914
1639004285,36.542587,-119.393494
1639004287,36.541599,-119.392914
1639004288,36.542587,-119.393494
1639004290,36.541599,-119.392914
1639004293,36.541599,-119.392914
1639004296,36.541599,-119.392921
1639004351,36.542202,-119.392845
1639004351,36.542202,-119.392845
1639004351,36.542202,-119.392845
1639004351,36.542202,-119.392845
1639004352,36.542202,-119.392845
1639004354,36.542229,-119.392906
1639004357,36.542240,-119.392921
1639004360,36.542187,-119.392883
1639004363,36.542103,-119.393013
