1639154074,36.542496,-119.393509
1639154077,36.542542,-119.393616
1639154080,36.542316,-119.393219
1639154083,36.542324,-119.393188
1639154086,36.542324,-119.393188
1639154089,36.542343,-119.393150
1639154092,36.542328,-119.393166
1639154095,36.542416,-119.393280
1639154098,36.542416,-119.393280
1639154101,36.542240,-119.393158
1639154104,36.542507,-119.393517
1639154107,36.542473,-119.393486
1639154110,36.542473,-119.393486
1639154113,36.542458,-119.393402
1639154116,36.542503,-119.393600
1639154119,36.542606,-119.393715
1639154122,36.542606,-119.393715
1639154122,36.541641,-119.392853
1639154125,36.543087,-119.394127
1639154125,36.542263,-119.392532
1639154128,36.542263,-119.392532
1639154128,36.543327,-119.394333
1639154131,36.541729,-119.392876
1639154131,36.543415,-119.394409
1639154134,36.543415,-119.394409
1639154134,36.541729,-119.392876
1639154137,36.541729,-119.392876
1639154137,36.543369,-119.394432
1639154140,36.541649,-119.392883
1639154140,36.543274,-119.394432
1639154143,36.543217,-119.394440
1639154143,36.541645,-119.392876
1639154146,36.541656,-119.392883
1639154146,36.543217,-119.394440
1639154149,36.541664,-119.392876
1639154149,36.544079,-119.394943
1639154152,36.544079,-119.394943
1639154152,36.541664,-119.392876
1639154155,36.545151,-119.394966
1639154155,36.541664,-119.392876
1639154158,36.545151,-119.394966
1639154158,36.541664,-119.392876
1639154161,36.545441,-119.394966
1639154161,36.541664,-119.392876
1639154164,36.541664,-119.392876
1639154164,36.545666,-119.394966
1639154167,36.545856,-119.394913
1639154167,36.541664,-119.392838
1639154170,36.545856,-119.394913
1639154170,36.541714,-119.392906
1639154173,36.545830,-119.394600
1639154173,36.541813,-119.393066
1639154176,36.545876,-119.394501
1639154176,36.541965,-119.393257
1639154179,36.542068,-119.393425
1639154180,36.545746,-119.394707
1639154182,36.542038,-119.393623
1639154182,36.545746,-119.394707
1639154185,36.545589,-119.394951
1639154185,36.541901,-119.393822
1639154188,36.545567,-119.394577
1639154188,36.541828,-119.393913
1639154191,36.541828,-119.393898
1639154192,36.545612,-119.394188
1639154194,36.541832,-119.393898
1639154194,36.545612,-119.394188
1639154197,36.541786,-119.393951
1639154198,36.545784,-119.393654
1639154200,36.541687,-119.394081
1639154201,36.545788,-119.393608
1639154203,36.541538,-119.394287
1639154204,36.545815,-119.393333
1639154206,36.541401,-119.394478
1639154207,36.545815,-119.393333
1639154209,36.541359,-119.394547
1639154210,36.545872,-119.392410
1639154212,36.541340,-119.394630
1639154213,36.546009,-119.391823
1639154215,36.541382,-119.394775
1639154216,36.546009,-119.391823
1639154218,36.541389,-119.394852
1639154219,36.545765,-119.390747
1639154221,36.541397,-119.394844
1639154222,36.545769,-119.390656
1639154224,36.541401,-119.394836
1639154225,36.545788,-119.390167
1639154227,36.541405,-119.394829
1639154228,36.545807,-119.389740
1639154230,36.541409,-119.394821
1639154231,36.545734,-119.389252
1639154233,36.541409,-119.394821
1639154234,36.545620,-119.388596
1639154236,36.541409,-119.394821
1639154237,36.545517,-119.388123
1639154239,36.541409,-119.394821
1639154240,36.545517,-119.388123
1639154242,36.541409,-119.394821
1639154243,36.545738,-119.386871
1639154245,36.541409,-119.394821
1639154246,36.545597,-119.386467
1639154248,36.541409,-119.394821
1639154249,36.545597,-119.386467
1639154251,36.541409,-119.394821
1639154252,36.545418,-119.385857
1639154254,36.541420,-119.394806
1639154255,36.545502,-119.385330
1639154257,36.541420,-119.394913
1639154258,36.545567,-119.384880
1639154260,36.541389,-119.395149
1639154261,36.545620,-119.384430
1639154263,36.541378,-119.395302
1639154264,36.545597,-119.384239
1639154266,36.541393,-119.395576
1639154267,36.545643,-119.384224
1639154269,36.541470,-119.395935
1639154270,36.545643,-119.384224
1639154272,36.541687,-119.396271
1639154273,36.545620,-119.384247
1639154275,36.541969,-119.396606
1639154276,36.545620,-119.384247
1639154278,36.542206,-119.396904
1639154279,36.545586,-119.384018
1639154281,36.542355,-119.397247
1639154282,36.545563,-119.383858
1639154284,36.542377,-119.397659
1639154285,36.545498,-119.383598
1639154287,36.542366,-119.398109
1639154288,36.545475,-119.382813
1639154290,36.542358,-119.398567
1639154291,36.545536,-119.382126
1639154293,36.542351,-119.399025
1639154294,36.545536,-119.382126
1639154296,36.542347,-119.399460
1639154297,36.545551,-119.381027
1639154299,36.542339,-119.399879
1639154300,36.545555,-119.380859
1639154302,36.542343,-119.400284
1639154303,36.545567,-119.380470
1639154305,36.542347,-119.400688
1639154306,36.545567,-119.380470
1639154308,36.542343,-119.401100
1639154309,36.545135,-119.379364
1639154311,36.542339,-119.401543
1639154312,36.545456,-119.378586
1639154314,36.542336,-119.402008
1639154315,36.545570,-119.378204
1639154317,36.542347,-119.402473
1639154318,36.545570,-119.378204
1639154320,36.542339,-119.402939
1639154321,36.545319,-119.377350
1639154323,36.542339,-119.403374
1639154324,36.545216,-119.377190
1639154326,36.542336,-119.403732
1639154327,36.545101,-119.376915
1639154329,36.542358,-119.403923
1639154330,36.545101,-119.376915
1639154332,36.542370,-119.403969
1639154333,36.544983,-119.376839
1639154335,36.542427,-119.404037
1639154336,36.544979,-119.376854
1639154338,36.542610,-119.404053
1639154339,36.544914,-119.376785
1639154341,36.542915,-119.404045
1639154342,36.544914,-119.376785
1639154344,36.543240,-119.404007
1639154345,36.544125,-119.376923
1639154347,36.543476,-119.403992
1639154348,36.543644,-119.376915
1639154350,36.543533,-119.403992
1639154351,36.543369,-119.376839
1639154353,36.543564,-119.403992
1639154354,36.543369,-119.376839
1639154356,36.543571,-119.403984
1639154357,36.542801,-119.376793
1639154359,36.543568,-119.403984
1639154360,36.542484,-119.377045
1639154362,36.543571,-119.403984
1639154363,36.542343,-119.376991
1639154365,36.543598,-119.404015
1639154366,36.542343,-119.376991
1639154368,36.543777,-119.404022
1639154369,36.541672,-119.377159
1639154371,36.544060,-119.404022
1639154372,36.541401,-119.377174
1639154374,36.544426,-119.404007
1639154375,36.540913,-119.377083
1639154377,36.544815,-119.404015
1639154378,36.540913,-119.377083
1639154380,36.545174,-119.404015
1639154381,36.539989,-119.376778
1639154383,36.545517,-119.403992
1639154384,36.539772,-119.376694
1639154386,36.545784,-119.403984
1639154387,36.539528,-119.376640
1639154389,36.545933,-119.403923
1639154390,36.539528,-119.376640
1639154392,36.545952,-119.403679
1639154393,36.539013,-119.376747
1639154395,36.545940,-119.403282
1639154396,36.538914,-119.376862
1639154398,36.545937,-119.402786
1639154399,36.538857,-119.376961
1639154401,36.545933,-119.402214
1639154402,36.538857,-119.376961
1639154404,36.545925,-119.401642
1639154405,36.538910,-119.377060
1639154407,36.545918,-119.401077
1639154408,36.539017,-119.376953
1639154410,36.545914,-119.400536
1639154411,36.539001,-119.376976
1639154413,36.545906,-119.399994
1639154414,36.539001,-119.376976
1639154416,36.545902,-119.399490
1639154417,36.539013,-119.376961
1639154419,36.545891,-119.399063
1639154420,36.539013,-119.376961
1639154422,36.545883,-119.398796
1639154423,36.538929,-119.376892
1639154425,36.545883,-119.398727
1639154426,36.538929,-119.376892
1639154428,36.545879,-119.398735
1639154429,36.538929,-119.376869
1639154431,36.545883,-119.398705
1639154432,36.538929,-119.376854
1639154434,36.545876,-119.398529
1639154435,36.538937,-119.376961
1639154437,36.545876,-119.398170
1639154438,36.538937,-119.376961
1639154440,36.545868,-119.397697
1639154441,36.538994,-119.377068
1639154443,36.545864,-119.397141
1639154444,36.539024,-119.377068
1639154447,36.539001,-119.377068
1639154447,36.545856,-119.396591
1639154449,36.545845,-119.396049
1639154450,36.539001,-119.377068
1639154452,36.545834,-119.395531
1639154453,36.538975,-119.377068
1639154455,36.545818,-119.395035
1639154456,36.538979,-119.377029
1639154458,36.545803,-119.394577
1639154459,36.538994,-119.377014
1639154461,36.545792,-119.394173
1639154462,36.538994,-119.377014
1639154464,36.545670,-119.393883
1639154465,36.539078,-119.376999
1639154467,36.545460,-119.393654
1639154468,36.539043,-119.377007
1639154470,36.545231,-119.393394
1639154471,36.539024,-119.377007
1639154473,36.545006,-119.393135
1639154474,36.539024,-119.377007
1639154476,36.544777,-119.392876
1639154477,36.538979,-119.377022
1639154479,36.544544,-119.392616
1639154480,36.538967,-119.377029
1639154482,36.544308,-119.392349
1639154483,36.538975,-119.377022
1639154485,36.544064,-119.392075
1639154486,36.538975,-119.377022
1639154488,36.543823,-119.391792
1639154489,36.539009,-119.376999
1639154491,36.543575,-119.391518
1639154492,36.538994,-119.377037
1639154494,36.543575,-119.391518
1639154495,36.538998,-119.377060
1639154497,36.543335,-119.391251
1639154498,36.538998,-119.377060
1639154500,36.543102,-119.390984
1639154501,36.538998,-119.377022
1639154503,36.542873,-119.390724
1639154504,36.539036,-119.377007
1639154506,36.542408,-119.390198
1639154507,36.539051,-119.377022
1639154509,36.542408,-119.390198
1639154510,36.539051,-119.377022
1639154513,36.541969,-119.389702
1639154513,36.538975,-119.377068
1639154515,36.541786,-119.389496
1639154516,36.538929,-119.377129
1639154518,36.541786,-119.389496
1639154519,36.538921,-119.377144
1639154522,36.538921,-119.377144
1639154522,36.541672,-119.389381
1639154524,36.541672,-119.389381
1639154525,36.538952,-119.377068
1639154528,36.541691,-119.389381
1639154528,36.538971,-119.377052
1639154530,36.541691,-119.389381
1639154531,36.538971,-119.377060
1639154534,36.538971,-119.377060
1639154534,36.541695,-119.389381
1639154537,36.541695,-119.389381
1639154537,36.538944,-119.377106
1639154540,36.538937,-119.377113
1639154540,36.541695,-119.389381
1639154543,36.541695,-119.389381
1639154543,36.538963,-119.377083
1639154546,36.538963,-119.377083
1639154546,36.541706,-119.389381
1639154549,36.538963,-119.377060
1639154549,36.541706,-119.389381
1639154552,36.541607,-119.389282
1639154552,36.538967,-119.377037
1639154555,36.538963,-119.377068
1639154555,36.541607,-119.389282
1639154558,36.538963,-119.377068
1639154558,36.541286,-119.388916
1639154561,36.541100,-119.388702
1639154561,36.538979,-119.377052
1639154564,36.541100,-119.388702
1639154564,36.538975,-119.377052
1639154567,36.538967,-119.377075
1639154567,36.540760,-119.388313
1639154570,36.540760,-119.388313
1639154570,36.538967,-119.377075
1639154573,36.538956,-119.377060
1639154573,36.540722,-119.388260
1639154576,36.540722,-119.388260
1639154576,36.538956,-119.377090
1639154579,36.540710,-119.388023
1639154579,36.538952,-119.377098
1639154582,36.538952,-119.377098
1639154582,36.540710,-119.388023
1639154585,36.541061,-119.387527
1639154585,36.538933,-119.377144
1639154588,36.538952,-119.377090
1639154588,36.541061,-119.387527
1639154591,36.538971,-119.377090
1639154591,36.541275,-119.387215
1639154594,36.541275,-119.387215
1639154594,36.538971,-119.377090
1639154597,36.541458,-119.387001
1639154597,36.538963,-119.377090
1639154600,36.538979,-119.377060
1639154600,36.541458,-119.387001
1639154603,36.538994,-119.377113
1639154603,36.541710,-119.386642
1639154606,36.541710,-119.386642
1639154606,36.538994,-119.377113
1639154609,36.538849,-119.377243
1639154609,36.541977,-119.386276
1639154612,36.538597,-119.377304
1639154612,36.541977,-119.386276
1639154615,36.542023,-119.386208
1639154615,36.538494,-119.377228
1639154618,36.538494,-119.377228
1639154618,36.542023,-119.386208
1639154621,36.542164,-119.386147
1639154621,36.538326,-119.377159
1639154624,36.542320,-119.386253
1639154624,36.538250,-119.377106
1639154627,36.538219,-119.376976
1639154627,36.542324,-119.386253
1639154630,36.542324,-119.386253
1639154630,36.538219,-119.376976
1639154633,36.542328,-119.386246
1639154633,36.538219,-119.376976
1639154636,36.542328,-119.386246
1639154636,36.537365,-119.377060
1639154639,36.542332,-119.386246
1639154639,36.537045,-119.376587
1639154642,36.537045,-119.376587
1639154642,36.542332,-119.386246
1639154645,36.542332,-119.386246
1639154645,36.536964,-119.376297
1639154648,36.536560,-119.376396
1639154648,36.542332,-119.386246
1639154651,36.536991,-119.376434
1639154651,36.542336,-119.386246
1639154654,36.542336,-119.386246
1639154654,36.536991,-119.376434
1639154657,36.542336,-119.386246
1639154657,36.535259,-119.376633
1639154660,36.535038,-119.376648
1639154660,36.542336,-119.386246
1639154663,36.542336,-119.386246
1639154663,36.534679,-119.376648
1639154666,36.534679,-119.376648
1639154666,36.542336,-119.386246
1639154669,36.542336,-119.386246
1639154669,36.533970,-119.376740
1639154672,36.533810,-119.376923
1639154672,36.542336,-119.386246
1639154675,36.542336,-119.386246
1639154675,36.533447,-119.376968
1639154678,36.542336,-119.386246
1639154678,36.533447,-119.376968
1639154681,36.532818,-119.376968
1639154681,36.542336,-119.386246
1639154684,36.532227,-119.377029
1639154684,36.542336,-119.386246
1639154687,36.542336,-119.386246
1639154687,36.531898,-119.377083
1639154690,36.531898,-119.377083
1639154690,36.542362,-119.386307
1639154693,36.542362,-119.386307
1639154693,36.531460,-119.377472
1639154696,36.531086,-119.377586
1639154696,36.542660,-119.386681
1639154699,36.542660,-119.386681
1639154699,36.530807,-119.377663
1639154702,36.542931,-119.387016
1639154702,36.530807,-119.377663
1639154705,36.542931,-119.387016
1639154705,36.531570,-119.377609
1639154708,36.531570,-119.377609
1639154708,36.543171,-119.387047
1639154711,36.543240,-119.386948
1639154711,36.531116,-119.377594
1639154714,36.543434,-119.386688
1639154714,36.531116,-119.377594
1639154717,36.543434,-119.386688
1639154717,36.531590,-119.378242
1639154720,36.543705,-119.386253
1639154720,36.531628,-119.378479
1639154723,36.531357,-119.379456
1639154723,36.544193,-119.385658
1639154726,36.544235,-119.385582
1639154726,36.531357,-119.379456
1639154729,36.531364,-119.380363
1639154729,36.544323,-119.385406
1639154732,36.544376,-119.385185
1639154732,36.531410,-119.380798
1639154735,36.544380,-119.384895
1639154735,36.531429,-119.381172
1639154738,36.531429,-119.381172
1639154738,36.544380,-119.384521
1639154741,36.531345,-119.381676
1639154741,36.544384,-119.384109
1639154744,36.531368,-119.381805
1639154744,36.544376,-119.383720
1639154747,36.544373,-119.383339
1639154747,36.531376,-119.381790
1639154750,36.544361,-119.382950
1639154750,36.531376,-119.381790
1639154753,36.544357,-119.382568
1639154753,36.531399,-119.381760
1639154756,36.544350,-119.382187
1639154756,36.531399,-119.381760
1639154759,36.544342,-119.381821
1639154759,36.531380,-119.382027
1639154762,36.544331,-119.381424
1639154762,36.531380,-119.382027
1639154765,36.544323,-119.381020
1639154765,36.531307,-119.382324
1639154768,36.531246,-119.382553
1639154768,36.544308,-119.380623
1639154771,36.531181,-119.382988
1639154771,36.544292,-119.380280
1639154774,36.531181,-119.382988
1639154774,36.544281,-119.380066
1639154777,36.531181,-119.382988
1639154777,36.544262,-119.379990
1639154780,36.544147,-119.379944
1639154780,36.530701,-119.383682
1639154783,36.543900,-119.379982
1639154783,36.530701,-119.383682
1639154786,36.530643,-119.383797
1639154786,36.543663,-119.380013
1639154789,36.530548,-119.383995
1639154789,36.543491,-119.379906
1639154792,36.543465,-119.379684
1639154792,36.530762,-119.383850
1639154795,36.543373,-119.379517
1639154795,36.530880,-119.383812
1639154798,36.530880,-119.383812
1639154798,36.543182,-119.379501
1639154801,36.542984,-119.379501
1639154801,36.530949,-119.383797
1639154804,36.542896,-119.379501
1639154804,36.530979,-119.383751
1639154807,36.542885,-119.379494
1639154807,36.530952,-119.383766
1639154810,36.542828,-119.379562
1639154810,36.530952,-119.383766
1639154813,36.530907,-119.383797
1639154813,36.542835,-119.379784
1639154816,36.542843,-119.380096
1639154816,36.530926,-119.383774
1639154819,36.530910,-119.383766
1639154819,36.542866,-119.380440
1639154822,36.530910,-119.383766
1639154822,36.542873,-119.380798
1639154825,36.530903,-119.383797
1639154825,36.542877,-119.381157
1639154828,36.530930,-119.383736
1639154828,36.542885,-119.381508
1639154831,36.530903,-119.383781
1639154831,36.542892,-119.381851
1639154834,36.542900,-119.382172
1639154834,36.530903,-119.383781
1639154837,36.542862,-119.382339
1639154837,36.530880,-119.383781
1639154840,36.542778,-119.382355
1639154840,36.530884,-119.383789
1639154843,36.542629,-119.382347
1639154843,36.530899,-119.383781
1639154846,36.542439,-119.382347
1639154846,36.530899,-119.383781
1639154849,36.530876,-119.383820
1639154849,36.542233,-119.382347
1639154852,36.542015,-119.382339
1639154852,36.530914,-119.383774
1639154855,36.541790,-119.382347
1639154855,36.530903,-119.383812
1639154858,36.541622,-119.382355
1639154858,36.530903,-119.383812
1639154861,36.541603,-119.382355
1639154861,36.530941,-119.383751
1639154864,36.541542,-119.382416
1639154864,36.530949,-119.383736
1639154867,36.530949,-119.383690
1639154867,36.541500,-119.382538
1639154870,36.530949,-119.383690
1639154870,36.541428,-119.382591
1639154873,36.530827,-119.383583
1639154873,36.541283,-119.382584
1639154876,36.530823,-119.383575
1639154876,36.541042,-119.382591
1639154879,36.530792,-119.383560
1639154879,36.540749,-119.382591
1639154882,36.530792,-119.383560
1639154882,36.540428,-119.382591
1639154885,36.530830,-119.383652
1639154885,36.540096,-119.382591
1639154888,36.530876,-119.383759
1639154888,36.539761,-119.382584
1639154891,36.539436,-119.382584
1639154891,36.530907,-119.383797
1639154894,36.539127,-119.382584
1639154894,36.530907,-119.383797
1639154897,36.530895,-119.383827
1639154897,36.538845,-119.382584
1639154900,36.530903,-119.383812
1639154900,36.538582,-119.382576
1639154903,36.538429,-119.382576
1639154903,36.530891,-119.383789
1639154906,36.530891,-119.383789
1639154906,36.538395,-119.382576
1639154909,36.530937,-119.383743
1639154909,36.538322,-119.382584
1639154912,36.538158,-119.382568
1639154912,36.530918,-119.383774
1639154915,36.530907,-119.383797
1639154915,36.537918,-119.382568
1639154918,36.530907,-119.383797
1639154918,36.537670,-119.382561
1639154921,36.537514,-119.382576
1639154921,36.530907,-119.383781
1639154924,36.537464,-119.382713
1639154924,36.530903,-119.383797
1639154927,36.537472,-119.382950
1639154927,36.530891,-119.383751
1639154930,36.530891,-119.383751
1639154930,36.537483,-119.383224
1639154933,36.530907,-119.383720
1639154933,36.537491,-119.383530
1639154936,36.537498,-119.383850
1639154936,36.530930,-119.383659
1639154939,36.537506,-119.384132
1639154939,36.530945,-119.383659
1639154942,36.530945,-119.383659
1639154942,36.537506,-119.384445
1639154945,36.530941,-119.383644
1639154945,36.537518,-119.384781
1639154948,36.537529,-119.385132
1639154948,36.530914,-119.383736
1639154951,36.530918,-119.383759
1639154951,36.537537,-119.385475
1639154954,36.537544,-119.385750
1639154954,36.530918,-119.383759
1639154957,36.530914,-119.383789
1639154957,36.537548,-119.385880
1639154960,36.537548,-119.385895
1639154960,36.530914,-119.383759
1639154963,36.530891,-119.383774
1639154963,36.537552,-119.385910
1639154966,36.530891,-119.383774
1639154966,36.537487,-119.385986
1639154969,36.537323,-119.385979
1639154969,36.530907,-119.383781
1639154972,36.537045,-119.385986
1639154972,36.530918,-119.383713
1639154975,36.530926,-119.383720
1639154975,36.536743,-119.385979
1639154978,36.530926,-119.383720
1639154978,36.536453,-119.385979
1639154981,36.536137,-119.385971
1639154981,36.530937,-119.383720
1639154984,36.535809,-119.385971
1639154984,36.530907,-119.383766
1639154987,36.530937,-119.383789
1639154987,36.535496,-119.385979
1639154990,36.530937,-119.383789
1639154990,36.535202,-119.385979
1639154993,36.530964,-119.383728
1639154993,36.534943,-119.385994
1639154996,36.534859,-119.386002
1639154996,36.530945,-119.383736
1639154999,36.534840,-119.386002
1639154999,36.530972,-119.383713
1639155002,36.534813,-119.386002
1639155002,36.530972,-119.383713
1639155005,36.534782,-119.385994
1639155005,36.530926,-119.383751
1639155008,36.530907,-119.383736
1639155008,36.534611,-119.385994
1639155011,36.534344,-119.385979
1639155011,36.530907,-119.383705
1639155014,36.530907,-119.383705
1639155014,36.534031,-119.385979
1639155017,36.530891,-119.383736
1639155017,36.533752,-119.385994
1639155020,36.530888,-119.383789
1639155020,36.533592,-119.385994
1639155023,36.533569,-119.385994
1639155023,36.530918,-119.383789
1639155026,36.533558,-119.385994
1639155026,36.530918,-119.383789
1639155029,36.533554,-119.385994
1639155029,36.530933,-119.383781
1639155032,36.530880,-119.383896
1639155032,36.533554,-119.385994
1639155035,36.533531,-119.385994
1639155036,36.530891,-119.383942
1639155038,36.530891,-119.383942
1639155038,36.533524,-119.385986
1639155041,36.533417,-119.385971
1639155042,36.531155,-119.384285
1639155044,36.533161,-119.385971
1639155045,36.531136,-119.384903
1639155047,36.532864,-119.385963
1639155048,36.531197,-119.385239
1639155050,36.532536,-119.385956
1639155051,36.531197,-119.385239
1639155053,36.532215,-119.385956
1639155054,36.531174,-119.385681
1639155056,36.531906,-119.385963
1639155057,36.531231,-119.385750
1639155059,36.531612,-119.385963
1639155060,36.531292,-119.385895
1639155062,36.531372,-119.385956
1639155063,36.531292,-119.385895
1639155065,36.531296,-119.385963
1639155066,36.531509,-119.385986
1639155068,36.531277,-119.385963
1639155069,36.531696,-119.385979
1639155071,36.531261,-119.385963
1639155072,36.531738,-119.385986
1639155074,36.531258,-119.385971
1639155075,36.531738,-119.385986
1639155077,36.531216,-119.386421
1639155078,36.532780,-119.386024
1639155080,36.531246,-119.386803
1639155081,36.532848,-119.386024
1639155083,36.531246,-119.387215
1639155084,36.533211,-119.386032
1639155086,36.531254,-119.387642
1639155087,36.533211,-119.386032
1639155089,36.531265,-119.388092
1639155090,36.533951,-119.385941
1639155092,36.531277,-119.388550
1639155093,36.534157,-119.385918
1639155095,36.531288,-119.389015
1639155096,36.534359,-119.385849
1639155098,36.531300,-119.389473
1639155099,36.534359,-119.385849
1639155101,36.531311,-119.389915
1639155102,36.534157,-119.385521
1639155104,36.531319,-119.390343
1639155105,36.533958,-119.385414
1639155107,36.531338,-119.390755
1639155108,36.533859,-119.385330
1639155110,36.531342,-119.391174
1639155111,36.533859,-119.385330
1639155113,36.531353,-119.391579
1639155114,36.533817,-119.385239
1639155116,36.531357,-119.391968
1639155117,36.533829,-119.385239
1639155119,36.531368,-119.392319
1639155120,36.533840,-119.385254
1639155122,36.531380,-119.392570
1639155123,36.533840,-119.385254
1639155125,36.531471,-119.392685
1639155126,36.535248,-119.385284
1639155128,36.531601,-119.392685
1639155129,36.535534,-119.385574
1639155131,36.531799,-119.392693
1639155132,36.535622,-119.385704
1639155134,36.532017,-119.392700
1639155135,36.535622,-119.385704
1639155137,36.532253,-119.392708
1639155138,36.535923,-119.385941
1639155140,36.532478,-119.392677
1639155141,36.536373,-119.386505
1639155143,36.532688,-119.392662
1639155144,36.536671,-119.386841
1639155146,36.532902,-119.392662
1639155147,36.536671,-119.386841
1639155149,36.533131,-119.392670
1639155150,36.537079,-119.387383
1639155152,36.533379,-119.392670
1639155153,36.537235,-119.387650
1639155155,36.533646,-119.392654
1639155156,36.537323,-119.387756
1639155158,36.533909,-119.392654
1639155159,36.537323,-119.387756
1639155161,36.534180,-119.392662
1639155162,36.537811,-119.388283
1639155164,36.534458,-119.392685
1639155165,36.537811,-119.388283
1639155167,36.534702,-119.392761
1639155168,36.538128,-119.388741
1639155170,36.534817,-119.392830
1639155171,36.538128,-119.388741
1639155173,36.534828,-119.392830
1639155174,36.538223,-119.388809
1639155176,36.534828,-119.392838
1639155177,36.538292,-119.388863
1639155179,36.534832,-119.392838
1639155180,36.538342,-119.388840
1639155182,36.534897,-119.392906
1639155183,36.538342,-119.388840
1639155185,36.535053,-119.393059
1639155186,36.538486,-119.388817
1639155188,36.535248,-119.393280
1639155189,36.538486,-119.388771
1639155191,36.535473,-119.393532
1639155192,36.538464,-119.388741
1639155194,36.535694,-119.393791
1639155195,36.538464,-119.388741
1639155197,36.535908,-119.394035
1639155198,36.538445,-119.388672
1639155200,36.536060,-119.394173
1639155201,36.538437,-119.388718
1639155203,36.536213,-119.394112
1639155204,36.538395,-119.388733
1639155206,36.536388,-119.393883
1639155207,36.538395,-119.388733
1639155209,36.536591,-119.393585
1639155210,36.538414,-119.388763
1639155212,36.536789,-119.393303
1639155213,36.538410,-119.388748
1639155215,36.536991,-119.393021
1639155216,36.538437,-119.388733
1639155218,36.537189,-119.392738
1639155219,36.538437,-119.388733
1639155221,36.537361,-119.392509
1639155222,36.538437,-119.388733
1639155224,36.537457,-119.392372
1639155225,36.538437,-119.388710
1639155227,36.537483,-119.392342
1639155228,36.538822,-119.389145
1639155230,36.537594,-119.392296
1639155231,36.538822,-119.389145
1639155233,36.537754,-119.392410
1639155234,36.538822,-119.389145
1639155236,36.537937,-119.392639
1639155237,36.539200,-119.389908
1639155239,36.538143,-119.392876
1639155240,36.539215,-119.389923
1639155242,36.538338,-119.393089
1639155243,36.539215,-119.389923
1639155245,36.538475,-119.393234
1639155246,36.539413,-119.389954
1639155248,36.538506,-119.393257
1639155249,36.539650,-119.389656
1639155252,36.539852,-119.389130
1639155252,36.538555,-119.393295
1639155255,36.539852,-119.389130
1639155255,36.538555,-119.393295
1639155258,36.539871,-119.388901
1639155258,36.538780,-119.393066
1639155261,36.538780,-119.393066
1639155261,36.539913,-119.388878
1639155264,36.539883,-119.388863
1639155264,36.538975,-119.392738
1639155267,36.539883,-119.388863
1639155267,36.539162,-119.392487
1639155270,36.539883,-119.388863
1639155270,36.539162,-119.392487
1639155273,36.540073,-119.389389
1639155273,36.539349,-119.392220
1639155276,36.539631,-119.391823
1639155276,36.540089,-119.389420
1639155279,36.539631,-119.391823
1639155279,36.540089,-119.389420
1639155282,36.540184,-119.389641
1639155282,36.539654,-119.391800
1639155285,36.539654,-119.391800
1639155285,36.540482,-119.389832
1639155288,36.539703,-119.391731
1639155288,36.540699,-119.390007
1639155291,36.539703,-119.391731
1639155291,36.540699,-119.390007
1639155294,36.540802,-119.390060
1639155294,36.539940,-119.391418
1639155297,36.540779,-119.390015
1639155297,36.539940,-119.391418
1639155300,36.540085,-119.391289
1639155300,36.540768,-119.389999
1639155303,36.540768,-119.389999
1639155303,36.540386,-119.391518
1639155306,36.540859,-119.390221
1639155306,36.540386,-119.391518
1639155309,36.541054,-119.390320
1639155309,36.540771,-119.391983
1639155312,36.540771,-119.391983
1639155312,36.541096,-119.390472
1639155315,36.541187,-119.392433
1639155315,36.541096,-119.390472
1639155318,36.541298,-119.390724
1639155318,36.541187,-119.392433
1639155321,36.541458,-119.390884
1639155321,36.541561,-119.392784
1639155324,36.541645,-119.391167
1639155324,36.541561,-119.392784
1639155327,36.541645,-119.391167
1639155327,36.541660,-119.392876
1639155330,36.541954,-119.391556
1639155330,36.541660,-119.392876
1639155333,36.542080,-119.391731
1639155336,36.541889,-119.391647
1639155339,36.541889,-119.391647
1639155342,36.541912,-119.391693
1639155345,36.541950,-119.391769
1639155348,36.541924,-119.391777
1639155351,36.541924,-119.391777
1639155354,36.542080,-119.392517
1639155357,36.542038,-119.392296
1639155360,36.542068,-119.392242
1639155363,36.542068,-119.392242
1639155366,36.542099,-119.392784
1639155369,36.542362,-119.393303
1639155372,36.542484,-119.393555
1639155375,36.542484,-119.393555
1639155378,36.542606,-119.393753
1639155381,36.542580,-119.393707
1639155384,36.542591,-119.393700
1639155387,36.542591,-119.393700
1639155390,36.542583,-119.393661
1639155393,36.542610,-119.393692
1639155396,36.542606,-119.393684
1639155399,36.542606,-119.393684
1639155402,36.542500,-119.393578
1639155405,36.542435,-119.393501
1639155408,36.542458,-119.393524
1639155411,36.542458,-119.393524
1639155414,36.542557,-119.393616
1639155417,36.542374,-119.393394
