1638986418,36.541782,-119.393059
1638986419,36.541782,-119.393059
1638986422,36.542812,-119.396675
1638986425,36.541817,-119.393082
1638986428,36.541862,-119.393173
1638986431,36.541862,-119.393173
1638986434,36.542049,-119.393448
1638986437,36.542053,-119.393433
1638986440,36.542061,-119.393440
1638986443,36.542034,-119.393532
1638986446,36.541931,-119.393677
1638986449,36.541832,-119.393814
1638986452,36.541801,-119.393860
1638986455,36.541798,-119.393860
1638986458,36.541794,-119.393867
1638986461,36.541790,-119.393867
1638986464,36.541767,-119.393898
1638986467,36.541687,-119.394005
1638986470,36.541565,-119.394150
1638986473,36.541428,-119.394325
1638986476,36.541344,-119.394463
1638986479,36.541317,-119.394508
1638986482,36.541313,-119.394539
1638986485,36.541309,-119.394630
1638986488,36.541340,-119.394753
1638986491,36.541367,-119.394806
1638986494,36.541378,-119.394890
1638986497,36.541386,-119.395050
1638986500,36.541382,-119.395187
1638986503,36.541382,-119.395370
1638986506,36.541393,-119.395622
1638986509,36.541466,-119.395905
1638986512,36.541637,-119.396187
1638986515,36.541847,-119.396469
1638986518,36.542072,-119.396751
1638986521,36.542267,-119.397041
1638986524,36.542347,-119.397377
1638986527,36.542351,-119.397720
1638986530,36.542366,-119.398094
1638986533,36.542370,-119.398521
1638986536,36.542366,-119.398979
1638986539,36.542362,-119.399445
1638986542,36.542362,-119.399918
1638986545,36.542358,-119.400406
1638986548,36.542355,-119.400887
1638986551,36.542355,-119.401367
1638986554,36.542347,-119.401855
1638986557,36.542351,-119.402336
1638986560,36.542351,-119.402802
1638986563,36.542355,-119.403236
1638986566,36.542358,-119.403580
1638986569,36.542362,-119.403809
1638986572,36.542374,-119.403885
1638986575,36.542385,-119.403915
1638986578,36.542465,-119.403999
1638986581,36.542648,-119.403984
1638986584,36.542908,-119.403969
1638986587,36.543190,-119.403969
1638986590,36.543430,-119.403969
1638986593,36.543541,-119.403961
1638986596,36.543552,-119.403961
1638986599,36.543560,-119.403954
1638986602,36.543571,-119.403954
1638986605,36.543571,-119.403954
1638986608,36.543571,-119.403954
1638986611,36.543571,-119.403954
1638986614,36.543571,-119.403954
1638986617,36.543571,-119.403954
1638986620,36.543571,-119.403954
1638986623,36.543571,-119.403954
1638986626,36.543571,-119.403954
1638986629,36.543571,-119.403954
1638986632,36.543571,-119.403954
1638986635,36.543552,-119.403954
1638986638,36.543621,-119.403961
1638986641,36.543785,-119.403999
1638986644,36.544060,-119.404007
1638986647,36.544369,-119.404015
1638986650,36.544701,-119.404022
1638986653,36.545044,-119.404022
1638986656,36.545345,-119.404045
1638986659,36.545563,-119.404068
1638986662,36.545662,-119.404076
1638986665,36.545677,-119.404076
1638986668,36.545670,-119.404076
1638986671,36.545753,-119.404068
1638986674,36.545914,-119.404060
1638986677,36.546059,-119.404175
1638986680,36.546093,-119.404396
1638986683,36.546101,-119.404701
1638986686,36.546108,-119.405106
1638986689,36.546112,-119.405571
1638986692,36.546116,-119.406090
1638986695,36.546127,-119.406639
1638986698,36.546135,-119.407219
1638986701,36.546135,-119.407822
1638986704,36.546139,-119.408424
1638986707,36.546154,-119.409050
1638986710,36.546158,-119.409683
1638986713,36.546177,-119.410294
1638986716,36.546185,-119.410858
1638986719,36.546188,-119.411423
1638986722,36.546204,-119.411934
1638986725,36.546211,-119.412323
1638986729,36.546215,-119.412537
1638986732,36.546215,-119.412598
1638986735,36.546211,-119.412605
1638986738,36.546211,-119.412621
1638986741,36.546211,-119.412613
1638986744,36.546211,-119.412621
1638986747,36.546211,-119.412621
1638986750,36.546211,-119.412621
1638986753,36.546211,-119.412621
1638986756,36.546211,-119.412621
1638986759,36.546211,-119.412621
1638986762,36.546219,-119.412651
1638986765,36.546227,-119.412743
1638986768,36.546322,-119.412811
1638986771,36.546494,-119.412796
1638986774,36.546734,-119.412781
1638986777,36.546951,-119.412781
1638986780,36.547043,-119.412781
1638986783,36.547066,-119.412781
1638986786,36.547089,-119.412781
1638986789,36.547081,-119.412781
1638986792,36.547092,-119.412781
1638986795,36.547077,-119.412781
1638986798,36.547081,-119.412781
1638986801,36.547062,-119.412781
1638986804,36.547115,-119.412788
1638986807,36.547249,-119.412804
1638986810,36.547474,-119.412804
1638986813,36.547756,-119.412796
1638986816,36.548073,-119.412788
1638986819,36.548412,-119.412788
1638986822,36.548752,-119.412788
1638986825,36.549034,-119.412788
1638986828,36.549240,-119.412781
1638986831,36.549351,-119.412712
1638986834,36.549362,-119.412567
1638986837,36.549355,-119.412346
1638986840,36.549347,-119.412056
1638986843,36.549358,-119.411736
1638986846,36.549355,-119.411385
1638986849,36.549343,-119.411057
1638986852,36.549324,-119.410736
1638986855,36.549324,-119.410469
1638986858,36.549381,-119.410301
1638986861,36.549450,-119.410278
1638986864,36.549519,-119.410286
1638986867,36.549641,-119.410286
1638986870,36.549812,-119.410255
1638986873,36.549961,-119.410240
1638986876,36.549992,-119.410233
1638986879,36.550011,-119.410225
1638986882,36.550060,-119.410194
1638986885,36.550076,-119.410080
1638986888,36.550076,-119.409897
1638986891,36.550060,-119.409653
1638986894,36.550060,-119.409355
1638986897,36.550060,-119.409042
1638986900,36.550034,-119.408722
1638986903,36.550007,-119.408394
1638986906,36.549999,-119.408058
1638986909,36.550007,-119.407722
1638986912,36.550018,-119.407372
1638986915,36.550007,-119.407013
1638986918,36.549992,-119.406677
1638986921,36.549980,-119.406456
1638986924,36.549973,-119.406387
1638986927,36.549961,-119.406334
1638986930,36.549877,-119.406296
1638986933,36.549736,-119.406311
1638986936,36.549591,-119.406334
1638986939,36.549526,-119.406250
1638986942,36.549519,-119.406158
1638986945,36.549519,-119.406036
1638986948,36.549511,-119.405891
1638986951,36.549511,-119.405838
1638986954,36.549511,-119.405838
1638986957,36.549511,-119.405823
1638986960,36.549511,-119.405815
1638986963,36.549511,-119.405807
1638986966,36.549511,-119.405807
1638986969,36.549511,-119.405807
1638986972,36.549511,-119.405807
1638986975,36.549511,-119.405807
1638986978,36.549511,-119.405807
1638986981,36.549511,-119.405807
1638986984,36.549511,-119.405807
1638986987,36.549511,-119.405807
1638986990,36.549511,-119.405807
1638986993,36.549511,-119.405807
1638986996,36.549511,-119.405807
1638986999,36.549511,-119.405807
1638987002,36.549511,-119.405807
1638987005,36.549511,-119.405807
1638987008,36.549511,-119.405807
1638987011,36.549511,-119.405807
1638987014,36.549511,-119.405807
1638987017,36.549511,-119.405807
1638987020,36.549511,-119.405807
1638987023,36.549511,-119.405807
1638987026,36.549511,-119.405807
1638987029,36.549511,-119.405807
1638987032,36.549511,-119.405807
1638987035,36.549511,-119.405807
1638987038,36.549511,-119.405807
1638987041,36.549511,-119.405807
1638987044,36.549511,-119.405807
1638987047,36.549511,-119.405807
1638987050,36.549511,-119.405807
1638987053,36.549511,-119.405807
1638987056,36.549515,-119.405853
1638987059,36.549519,-119.405800
1638987062,36.549526,-119.405647
1638987065,36.549541,-119.405434
1638987068,36.549568,-119.405159
1638987071,36.549576,-119.404854
1638987074,36.549580,-119.404541
1638987077,36.549580,-119.404274
1638987080,36.549545,-119.404144
1638987083,36.549450,-119.404099
1638987089,36.549026,-119.404106
1638987092,36.548759,-119.404114
1638987095,36.548477,-119.404121
1638987098,36.548199,-119.404121
1638987101,36.547955,-119.404121
1638987104,36.547806,-119.404121
1638987107,36.547646,-119.404121
1638987110,36.547424,-119.404121
1638987113,36.547157,-119.404121
1638987116,36.546871,-119.404121
1638987119,36.546577,-119.404129
1638987122,36.546314,-119.404129
1638987125,36.546101,-119.404114
1638987128,36.545956,-119.404007
1638987131,36.545914,-119.403786
1638987134,36.545925,-119.403465
1638987137,36.545929,-119.403069
1638987140,36.545929,-119.402611
1638987143,36.545925,-119.402122
1638987146,36.545921,-119.401611
1638987149,36.545918,-119.401100
1638987152,36.545910,-119.400589
1638987155,36.545902,-119.400085
1638987158,36.545887,-119.399612
1638987161,36.545879,-119.399231
1638987164,36.545876,-119.399010
1638987167,36.545876,-119.398972
1638987170,36.545872,-119.398933
1638987173,36.545872,-119.398926
1638987176,36.545872,-119.398926
1638987179,36.545872,-119.398926
1638987182,36.545872,-119.398926
1638987185,36.545872,-119.398926
1638987188,36.545872,-119.398926
1638987191,36.545872,-119.398926
1638987194,36.545872,-119.398926
1638987197,36.545872,-119.398926
1638987200,36.545872,-119.398926
1638987203,36.545872,-119.398926
1638987206,36.545872,-119.398926
1638987209,36.545872,-119.398926
1638987212,36.545872,-119.398926
1638987215,36.545872,-119.398926
1638987218,36.545872,-119.398926
1638987221,36.545872,-119.398926
1638987224,36.545876,-119.398964
1638987227,36.545876,-119.398895
1638987230,36.545876,-119.398720
1638987233,36.545872,-119.398491
1638987236,36.545864,-119.398170
1638987239,36.545860,-119.397797
1638987242,36.545856,-119.397408
1638987245,36.545853,-119.397034
1638987248,36.545856,-119.396645
1638987251,36.545883,-119.396263
1638987254,36.545902,-119.395897
1638987257,36.545902,-119.395569
1638987260,36.545898,-119.395378
1638987263,36.545891,-119.395256
1638987266,36.545918,-119.395088
1638987269,36.546032,-119.394981
1638987272,36.546219,-119.394974
1638987275,36.546463,-119.394974
1638987278,36.546753,-119.394997
1638987281,36.547073,-119.395012
1638987284,36.547409,-119.395020
1638987287,36.547764,-119.395012
1638987290,36.548138,-119.395027
1638987293,36.548508,-119.395020
1638987296,36.548901,-119.395012
1638987299,36.549294,-119.395004
1638987302,36.549694,-119.395012
1638987305,36.550098,-119.395020
1638987308,36.550510,-119.395027
1638987311,36.550915,-119.395035
1638987314,36.551296,-119.395042
1638987317,36.551662,-119.395035
1638987320,36.552013,-119.395027
1638987323,36.552368,-119.395027
1638987326,36.552708,-119.395020
1638987329,36.552933,-119.395020
1638987332,36.553135,-119.395012
1638987335,36.553394,-119.395020
1638987338,36.553673,-119.395027
1638987341,36.553932,-119.395004
1638987344,36.554085,-119.394989
1638987347,36.554108,-119.394989
1638987350,36.554115,-119.394989
1638987353,36.554119,-119.394989
1638987356,36.554115,-119.394997
1638987359,36.554119,-119.394997
1638987362,36.554119,-119.394997
1638987365,36.554119,-119.394997
1638987368,36.554108,-119.394997
1638987371,36.554119,-119.395004
1638987374,36.554184,-119.395012
1638987377,36.554371,-119.395020
1638987380,36.554619,-119.395027
1638987383,36.554882,-119.395042
1638987386,36.555172,-119.395042
1638987389,36.555473,-119.395042
1638987392,36.555794,-119.395050
1638987395,36.556122,-119.395050
1638987398,36.556416,-119.395042
1638987401,36.556614,-119.395035
1638987404,36.556721,-119.394928
1638987407,36.556717,-119.394722
1638987410,36.556709,-119.394447
1638987413,36.556713,-119.394119
1638987416,36.556705,-119.393753
1638987419,36.556698,-119.393372
1638987422,36.556686,-119.392975
1638987425,36.556675,-119.392593
1638987428,36.556667,-119.392220
1638987431,36.556656,-119.391869
1638987434,36.556644,-119.391525
1638987437,36.556641,-119.391197
1638987440,36.556633,-119.390915
1638987443,36.556629,-119.390770
1638987446,36.556625,-119.390739
1638987449,36.556606,-119.390663
1638987452,36.556488,-119.390610
1638987455,36.556305,-119.390625
1638987458,36.556076,-119.390633
1638987461,36.555801,-119.390633
1638987464,36.555511,-119.390633
1638987467,36.555214,-119.390633
1638987470,36.554932,-119.390633
1638987473,36.554661,-119.390625
1638987476,36.554386,-119.390610
1638987479,36.554127,-119.390610
1638987482,36.553890,-119.390617
1638987485,36.553665,-119.390617
1638987488,36.553429,-119.390625
1638987491,36.553242,-119.390625
1638987494,36.553150,-119.390625
1638987497,36.553143,-119.390625
1638987500,36.553127,-119.390625
1638987503,36.553066,-119.390656
1638987506,36.553047,-119.390785
1638987509,36.553051,-119.390999
1638987512,36.553051,-119.391289
1638987515,36.553055,-119.391617
1638987519,36.553074,-119.391983
1638987521,36.553089,-119.392365
1638987524,36.553097,-119.392746
1638987527,36.553104,-119.393120
1638987531,36.553108,-119.393509
1638987533,36.553120,-119.393890
1638987536,36.553135,-119.394264
1638987539,36.553143,-119.394592
1638987542,36.553146,-119.394806
1638987545,36.553154,-119.394905
1638987548,36.553154,-119.394928
1638987552,36.553162,-119.394936
1638987555,36.553162,-119.394936
1638987558,36.553165,-119.394936
1638987561,36.553165,-119.394936
1638987564,36.553165,-119.394936
1638987567,36.553165,-119.394936
1638987570,36.553165,-119.394936
1638987573,36.553165,-119.394936
1638987576,36.553165,-119.394936
1638987579,36.553165,-119.394936
1638987582,36.553165,-119.394936
1638987585,36.553165,-119.394936
1638987588,36.553165,-119.394936
1638987591,36.553158,-119.394943
1638987594,36.553139,-119.395081
1638987597,36.553036,-119.395210
1638987600,36.552845,-119.395233
1638987603,36.552620,-119.395241
1638987606,36.552433,-119.395233
1638987609,36.552307,-119.395264
1638987612,36.552261,-119.395393
1638987615,36.552258,-119.395607
1638987618,36.552254,-119.395889
1638987621,36.552242,-119.396233
1638987624,36.552288,-119.396584
1638987627,36.552425,-119.396919
1638987630,36.552639,-119.397217
1638987633,36.552849,-119.397499
1638987636,36.553043,-119.397797
1638987639,36.553116,-119.398148
1638987642,36.553112,-119.398537
1638987645,36.553112,-119.398941
1638987648,36.553108,-119.399269
1638987651,36.553108,-119.399460
1638987654,36.553108,-119.399498
1638987657,36.553108,-119.399574
1638987660,36.553131,-119.399811
1638987663,36.553143,-119.400093
1638987666,36.553139,-119.400330
1638987669,36.553146,-119.400879
1638987672,36.553146,-119.401329
1638987675,36.553150,-119.401794
1638987678,36.553146,-119.402245
1638987681,36.553146,-119.402679
1638987684,36.553146,-119.403099
1638987687,36.553150,-119.403542
1638987690,36.553150,-119.403885
1638987693,36.553223,-119.404083
1638987696,36.553398,-119.404121
1638987699,36.553638,-119.404114
1638987702,36.553947,-119.404160
1638987705,36.554287,-119.404251
1638987708,36.554665,-119.404289
1638987711,36.555069,-119.404282
1638987714,36.555492,-119.404274
1638987717,36.555885,-119.404243
1638987720,36.556225,-119.404152
1638987723,36.556431,-119.404068
1638987726,36.556587,-119.403938
1638987729,36.556778,-119.403877
1638987732,36.556976,-119.403877
1638987735,36.557133,-119.403847
1638987738,36.557194,-119.403847
1638987741,36.557201,-119.403847
1638987744,36.557201,-119.403854
1638987747,36.557198,-119.403854
1638987750,36.557198,-119.403854
1638987753,36.557198,-119.403854
1638987756,36.557198,-119.403854
1638987759,36.557198,-119.403854
1638987762,36.557198,-119.403854
1638987765,36.557198,-119.403854
1638987768,36.557198,-119.403854
1638987771,36.557198,-119.403854
1638987774,36.557198,-119.403854
1638987777,36.557198,-119.403854
1638987780,36.557198,-119.403854
1638987783,36.557198,-119.403854
1638987786,36.557198,-119.403854
1638987789,36.557198,-119.403854
1638987792,36.557198,-119.403854
1638987795,36.557198,-119.403854
1638987798,36.557198,-119.403854
1638987801,36.557198,-119.403854
1638987804,36.557198,-119.403854
1638987807,36.557198,-119.403854
1638987810,36.557198,-119.403854
1638987813,36.557198,-119.403854
1638987816,36.557198,-119.403854
1638987819,36.557198,-119.403854
1638987822,36.557198,-119.403854
1638987825,36.557198,-119.403854
1638987828,36.557198,-119.403854
1638987831,36.557198,-119.403854
1638987834,36.557198,-119.403854
1638987837,36.557194,-119.403862
1638987840,36.557262,-119.403885
1638987843,36.557430,-119.403946
1638987846,36.557667,-119.404045
1638987849,36.557945,-119.404160
1638987852,36.558273,-119.404243
1638987855,36.558636,-119.404274
1638987858,36.559017,-119.404274
1638987861,36.559410,-119.404266
1638987864,36.559799,-119.404266
1638987867,36.560123,-119.404243
1638987870,36.560356,-119.404213
1638987873,36.560444,-119.404205
1638987876,36.560471,-119.404198
1638987879,36.560528,-119.404137
1638987882,36.560520,-119.403961
1638987885,36.560509,-119.403694
1638987888,36.560493,-119.403366
1638987891,36.560493,-119.402992
1638987894,36.560486,-119.402588
1638987897,36.560482,-119.402153
1638987900,36.560482,-119.401703
1638987903,36.560478,-119.401245
1638987906,36.560471,-119.400795
1638987909,36.560471,-119.400360
1638987912,36.560459,-119.399979
1638987915,36.560429,-119.399719
1638987918,36.560318,-119.399605
1638987921,36.560154,-119.399612
1638987924,36.559948,-119.399628
1638987927,36.559704,-119.399635
1638987930,36.559433,-119.399643
1638987933,36.559143,-119.399651
1638987936,36.558838,-119.399666
1638987939,36.558521,-119.399666
1638987942,36.558197,-119.399666
1638987945,36.557880,-119.399673
1638987948,36.557579,-119.399681
1638987951,36.557289,-119.399681
1638987954,36.557053,-119.399666
1638987957,36.556847,-119.399673
1638987960,36.556625,-119.399666
1638987963,36.556393,-119.399658
1638987966,36.556114,-119.399643
1638987969,36.555824,-119.399643
1638987972,36.555527,-119.399643
1638987975,36.555294,-119.399651
1638987978,36.555183,-119.399658
1638987981,36.555172,-119.399651
1638987984,36.555103,-119.399658
1638987987,36.554966,-119.399651
1638987990,36.554741,-119.399643
1638987993,36.554466,-119.399643
1638987996,36.554173,-119.399643
1638987999,36.553879,-119.399635
1638988002,36.553593,-119.399628
1638988005,36.553356,-119.399628
1638988008,36.553234,-119.399635
1638988011,36.553207,-119.399635
1638988014,36.553104,-119.399620
1638988017,36.553066,-119.399483
1638988020,36.553074,-119.399254
1638988023,36.553082,-119.398949
1638988026,36.553082,-119.398582
1638988029,36.553082,-119.398201
1638988032,36.553028,-119.397842
1638988035,36.552864,-119.397537
1638988038,36.552650,-119.397263
1638988041,36.552433,-119.396996
1638988044,36.552246,-119.396683
1638988047,36.552170,-119.396309
1638988050,36.552166,-119.395920
1638988053,36.552170,-119.395576
1638988056,36.552177,-119.395363
1638988059,36.552170,-119.395264
1638988062,36.552120,-119.395172
1638988065,36.551975,-119.395164
1638988068,36.551750,-119.395180
1638988071,36.551476,-119.395187
1638988074,36.551151,-119.395187
1638988077,36.550793,-119.395187
1638988080,36.550419,-119.395180
1638988083,36.550045,-119.395172
1638988086,36.549664,-119.395164
1638988089,36.549278,-119.395157
1638988092,36.548889,-119.395142
1638988095,36.548496,-119.395142
1638988098,36.548100,-119.395126
1638988101,36.547695,-119.395126
1638988104,36.547287,-119.395111
1638988107,36.546886,-119.395096
1638988110,36.546539,-119.395111
1638988113,36.546284,-119.395111
1638988116,36.546131,-119.395103
1638988119,36.546101,-119.395111
1638988122,36.546093,-119.395111
1638988125,36.546078,-119.395111
1638988128,36.546108,-119.395103
1638988131,36.546104,-119.395103
1638988134,36.546104,-119.395103
1638988137,36.546104,-119.395103
1638988140,36.546104,-119.395103
1638988143,36.546104,-119.395103
1638988146,36.546104,-119.395103
1638988149,36.546104,-119.395103
1638988152,36.546112,-119.395103
1638988155,36.546051,-119.395119
1638988158,36.545887,-119.395119
1638988161,36.545647,-119.395126
1638988164,36.545345,-119.395119
1638988167,36.545048,-119.395119
1638988170,36.544827,-119.395042
1638988173,36.544724,-119.394852
1638988176,36.544670,-119.394638
1638988179,36.544540,-119.394440
1638988182,36.544369,-119.394241
1638988185,36.544178,-119.394020
1638988188,36.543972,-119.393784
1638988191,36.543766,-119.393547
1638988194,36.543560,-119.393303
1638988197,36.543346,-119.393059
1638988200,36.543140,-119.392838
1638988203,36.542942,-119.392616
1638988206,36.542763,-119.392410
1638988209,36.542576,-119.392197
1638988212,36.542393,-119.391983
1638988215,36.542213,-119.391785
1638988218,36.542042,-119.391602
1638988221,36.541912,-119.391464
1638988224,36.541798,-119.391426
1638988227,36.541702,-119.391495
1638988230,36.541618,-119.391632
1638988233,36.541512,-119.391777
1638988236,36.541409,-119.391945
1638988239,36.541306,-119.392120
1638988242,36.541233,-119.392258
1638988245,36.541210,-119.392303
1638988248,36.541206,-119.392311
1638988251,36.541195,-119.392349
1638988254,36.541195,-119.392433
1638988257,36.541264,-119.392525
1638988260,36.541386,-119.392647
1638988263,36.541496,-119.392792
1638988266,36.541611,-119.392906
1638988269,36.541714,-119.392960
1638988272,36.541759,-119.393013
1638988275,36.541782,-119.393028
1638988278,36.541786,-119.393036
1638988281,36.541786,-119.393036
1638988284,36.541786,-119.393036
1638988287,36.541786,-119.393036
1638988290,36.541786,-119.393036
1638988293,36.541786,-119.393036
1638988296,36.541786,-119.393036
1638988299,36.541786,-119.393036
1638988302,36.541786,-119.393036
1638988305,36.541786,-119.393036
1638988308,36.541786,-119.393036
1638988311,36.541786,-119.393036
1638988314,36.541786,-119.393036
1638988317,36.541786,-119.393036
1638988320,36.541786,-119.393036
1638988323,36.541786,-119.393036
1638988329,36.541786,-119.393028
1638988329,36.541786,-119.393028
1638988332,36.541779,-119.393036
