1639166579,36.542316,-119.392860
1639166582,36.542187,-119.392738
1639166585,36.542248,-119.392960
1639166588,36.541637,-119.392876
1639166591,36.541637,-119.392876
1639166594,36.541637,-119.392876
1639166597,36.541637,-119.392876
1639166600,36.541691,-119.392883
1639166603,36.541771,-119.393013
1639166606,36.541908,-119.393204
1639166609,36.542091,-119.393433
1639166612,36.542294,-119.393669
1639166615,36.542503,-119.393906
1639166618,36.542702,-119.394142
1639166621,36.542896,-119.394363
1639166624,36.543068,-119.394554
1639166627,36.543179,-119.394753
1639166630,36.543221,-119.394867
1639166633,36.543221,-119.394882
1639166636,36.543213,-119.394875
1639166639,36.543224,-119.394890
1639166642,36.543224,-119.394897
1639166645,36.543224,-119.394890
1639166648,36.543224,-119.394890
1639166651,36.543255,-119.394928
1639166654,36.543442,-119.394974
1639166657,36.543736,-119.394981
1639166660,36.544075,-119.394981
1639166663,36.544415,-119.394981
1639166666,36.544720,-119.394958
1639166669,36.544949,-119.394951
1639166672,36.545048,-119.394951
1639166675,36.545063,-119.394951
1639166678,36.545052,-119.394943
1639166681,36.545055,-119.394951
1639166684,36.545052,-119.394958
1639166687,36.545052,-119.394966
1639166690,36.545052,-119.394966
1639166693,36.545052,-119.394966
1639166696,36.545052,-119.394966
1639166699,36.545052,-119.394966
1639166702,36.545052,-119.394966
1639166705,36.545063,-119.394943
1639166708,36.545078,-119.394943
1639166711,36.545105,-119.394943
1639166714,36.545170,-119.394943
1639166717,36.545284,-119.394951
1639166720,36.545452,-119.394951
1639166723,36.545696,-119.394958
1639166726,36.545979,-119.394958
1639166729,36.546299,-119.394966
1639166732,36.546673,-119.394989
1639166735,36.547073,-119.395020
1639166738,36.547462,-119.395020
1639166741,36.547859,-119.395027
1639166744,36.548260,-119.395035
1639166747,36.548637,-119.395027
1639166750,36.548996,-119.395012
1639166753,36.549313,-119.395012
1639166756,36.549488,-119.394997
1639166759,36.549541,-119.394829
1639166762,36.549522,-119.394554
1639166765,36.549503,-119.394234
1639166768,36.549496,-119.393913
1639166771,36.549480,-119.393585
1639166774,36.549469,-119.393242
1639166777,36.549461,-119.392899
1639166780,36.549454,-119.392563
1639166783,36.549442,-119.392235
1639166786,36.549435,-119.391899
1639166789,36.549427,-119.391548
1639166792,36.549416,-119.391190
1639166795,36.549397,-119.390869
1639166798,36.549393,-119.390686
1639166801,36.549393,-119.390656
1639166804,36.549374,-119.390587
1639166807,36.549240,-119.390549
1639166810,36.549023,-119.390564
1639166813,36.548763,-119.390572
1639166816,36.548500,-119.390572
1639166819,36.548225,-119.390564
1639166822,36.547966,-119.390564
1639166825,36.547779,-119.390572
1639166828,36.547691,-119.390518
1639166831,36.547684,-119.390335
1639166834,36.547672,-119.390068
1639166837,36.547649,-119.389786
1639166840,36.547638,-119.389580
1639166843,36.547638,-119.389496
1639166846,36.547638,-119.389450
1639166849,36.547634,-119.389343
1639166852,36.547626,-119.389183
1639166855,36.547619,-119.388924
1639166858,36.547611,-119.388664
1639166861,36.547611,-119.388451
1639166864,36.547611,-119.388390
1639166867,36.547611,-119.388382
1639166870,36.547611,-119.388382
1639166873,36.547611,-119.388382
1639166876,36.547611,-119.388382
1639166879,36.547604,-119.388367
1639166882,36.547642,-119.388298
1639166885,36.547798,-119.388252
1639166888,36.548042,-119.388260
1639166891,36.548309,-119.388260
1639166894,36.548603,-119.388260
1639166897,36.548889,-119.388260
1639166900,36.549133,-119.388268
1639166903,36.549244,-119.388268
1639166906,36.549255,-119.388268
1639166909,36.549301,-119.388268
1639166912,36.549461,-119.388275
1639166915,36.549675,-119.388283
1639166918,36.549927,-119.388275
1639166921,36.550198,-119.388275
1639166924,36.550465,-119.388283
1639166927,36.550728,-119.388290
1639166930,36.550968,-119.388290
1639166933,36.551125,-119.388290
1639166936,36.551300,-119.388290
1639166939,36.551525,-119.388290
1639166942,36.551781,-119.388298
1639166945,36.552040,-119.388306
1639166948,36.552299,-119.388306
1639166951,36.552536,-119.388306
1639166954,36.552750,-119.388298
1639166957,36.552864,-119.388298
1639166960,36.552872,-119.388306
1639166963,36.552933,-119.388252
1639166966,36.552940,-119.388069
1639166969,36.552910,-119.387833
1639166972,36.552902,-119.387650
1639166975,36.552902,-119.387611
1639166978,36.552910,-119.387474
1639166981,36.552917,-119.387238
1639166984,36.552914,-119.386925
1639166987,36.552902,-119.386581
1639166990,36.552895,-119.386284
1639166993,36.552891,-119.386093
1639166996,36.552971,-119.386009
1639166999,36.553135,-119.386002
1639167002,36.553368,-119.386017
1639167005,36.553619,-119.386032
1639167008,36.553875,-119.386047
1639167011,36.554134,-119.386047
1639167014,36.554390,-119.386055
1639167017,36.554562,-119.386055
1639167020,36.554604,-119.386055
1639167023,36.554672,-119.386078
1639167026,36.554741,-119.386208
1639167029,36.554745,-119.386475
1639167032,36.554752,-119.386826
1639167035,36.554764,-119.387192
1639167038,36.554779,-119.387558
1639167041,36.554787,-119.387894
1639167044,36.554798,-119.388153
1639167047,36.554798,-119.388214
1639167050,36.554810,-119.388268
1639167053,36.554932,-119.388329
1639167056,36.555161,-119.388329
1639167059,36.555382,-119.388329
1639167062,36.555508,-119.388329
1639167066,36.555527,-119.388329
1639167069,36.555534,-119.388329
1639167072,36.555542,-119.388329
1639167074,36.555542,-119.388329
1639167078,36.555546,-119.388329
1639167081,36.555546,-119.388329
1639167084,36.555538,-119.388329
1639167087,36.555538,-119.388329
1639167090,36.555557,-119.388329
1639167093,36.555557,-119.388329
1639167096,36.555672,-119.388336
1639167099,36.555672,-119.388336
1639167102,36.555939,-119.388336
1639167105,36.555939,-119.388336
1639167108,36.556396,-119.388336
1639167111,36.556396,-119.388336
1639167114,36.556515,-119.388313
1639167117,36.556515,-119.388313
1639167120,36.556900,-119.388329
1639167123,36.556900,-119.388329
1639167126,36.557400,-119.388351
1639167129,36.557400,-119.388351
1639167132,36.558052,-119.388374
1639167135,36.558334,-119.388359
1639167138,36.558334,-119.388359
1639167141,36.558910,-119.388344
1639167144,36.558910,-119.388344
1639167147,36.559555,-119.388329
1639167150,36.559555,-119.388329
1639167153,36.560047,-119.388298
1639167156,36.560047,-119.388298
1639167159,36.560135,-119.388145
1639167162,36.560135,-119.388145
1639167165,36.560146,-119.387848
1639167168,36.560127,-119.386932
1639167171,36.560127,-119.386932
1639167174,36.560108,-119.386414
1639167177,36.560074,-119.385315
1639167180,36.560074,-119.385315
1639167183,36.560055,-119.384766
1639167186,36.560040,-119.384193
1639167189,36.559994,-119.383034
1639167192,36.559994,-119.383034
1639167195,36.559940,-119.381897
1639167198,36.559929,-119.381310
1639167201,36.559929,-119.381310
1639167204,36.559895,-119.380150
1639167207,36.559879,-119.379639
1639167210,36.559853,-119.379066
1639167213,36.559853,-119.379066
1639167216,36.559814,-119.378349
1639167219,36.559811,-119.377853
1639167222,36.559792,-119.377205
1639167225,36.559776,-119.377182
1639167228,36.559769,-119.377144
1639167231,36.559666,-119.377068
1639167234,36.559448,-119.377060
1639167237,36.559147,-119.377052
1639167240,36.559147,-119.377052
1639167243,36.558685,-119.377045
1639167246,36.557934,-119.377029
1639167249,36.557724,-119.377052
1639167252,36.557316,-119.377068
1639167255,36.557316,-119.377068
1639167258,36.556492,-119.377052
1639167261,36.556332,-119.377075
1639167264,36.556282,-119.377251
1639167267,36.556290,-119.377541
1639167270,36.556301,-119.377899
1639167273,36.556309,-119.378143
1639167276,36.556309,-119.378265
1639167279,36.556324,-119.378838
1639167282,36.556324,-119.378952
1639167285,36.556347,-119.379608
1639167288,36.556351,-119.379822
1639167291,36.556366,-119.380150
1639167294,36.556370,-119.380264
1639167297,36.556381,-119.380844
1639167300,36.556381,-119.380959
1639167303,36.556396,-119.381393
1639167306,36.556393,-119.381401
1639167309,36.556370,-119.381485
1639167312,36.556274,-119.381554
1639167315,36.556046,-119.381546
1639167318,36.555759,-119.381531
1639167321,36.555473,-119.381523
1639167324,36.555183,-119.381523
1639167327,36.554901,-119.381523
1639167330,36.554607,-119.381523
1639167333,36.554321,-119.381516
1639167336,36.554058,-119.381516
1639167339,36.553810,-119.381516
1639167342,36.553558,-119.381516
1639167345,36.553288,-119.381523
1639167348,36.553032,-119.381531
1639167351,36.552895,-119.381531
1639167354,36.552864,-119.381531
1639167357,36.552807,-119.381508
1639167360,36.552746,-119.381348
1639167363,36.552723,-119.381119
1639167366,36.552719,-119.381020
1639167369,36.552719,-119.381004
1639167372,36.552719,-119.380981
1639167375,36.552719,-119.380966
1639167378,36.552715,-119.380966
1639167381,36.552715,-119.380966
1639167384,36.552715,-119.380966
1639167387,36.552715,-119.380966
1639167390,36.552715,-119.380966
1639167393,36.552715,-119.380966
1639167396,36.552715,-119.380966
1639167399,36.552715,-119.380966
1639167402,36.552715,-119.380966
1639167405,36.552715,-119.380966
1639167408,36.552715,-119.380966
1639167411,36.552715,-119.380966
1639167414,36.552715,-119.380966
1639167417,36.552715,-119.380966
1639167420,36.552715,-119.380966
1639167423,36.552715,-119.380966
1639167426,36.552715,-119.380966
1639167429,36.552715,-119.380966
1639167432,36.552715,-119.380966
1639167435,36.552715,-119.380966
1639167438,36.552715,-119.380966
1639167441,36.552715,-119.380966
1639167444,36.552715,-119.380966
1639167447,36.552715,-119.380966
1639167450,36.552715,-119.380966
1639167453,36.552715,-119.380966
1639167456,36.552715,-119.380966
1639167459,36.552715,-119.380966
1639167462,36.552715,-119.380966
1639167465,36.552715,-119.380966
1639167468,36.552715,-119.380966
1639167471,36.552715,-119.380966
1639167474,36.552715,-119.380966
1639167477,36.552715,-119.380966
1639167480,36.552715,-119.380966
1639167483,36.552715,-119.380966
1639167486,36.552715,-119.380966
1639167489,36.552715,-119.380966
1639167492,36.552715,-119.380966
1639167495,36.552715,-119.380966
1639167498,36.552715,-119.380966
1639167501,36.552715,-119.380966
1639167504,36.552715,-119.380966
1639167507,36.552719,-119.380989
1639167510,36.552727,-119.380821
1639167513,36.552734,-119.380539
1639167516,36.552723,-119.380226
1639167519,36.552715,-119.379906
1639167522,36.552708,-119.379601
1639167525,36.552704,-119.379311
1639167528,36.552692,-119.379044
1639167531,36.552681,-119.378731
1639167534,36.552681,-119.378380
1639167537,36.552666,-119.377998
1639167540,36.552654,-119.377640
1639167543,36.552639,-119.377350
1639167546,36.552628,-119.377167
1639167549,36.552624,-119.377106
1639167552,36.552616,-119.377083
1639167555,36.552616,-119.377090
1639167558,36.552574,-119.376991
1639167561,36.552383,-119.376976
1639167564,36.552101,-119.376976
1639167567,36.551758,-119.376968
1639167570,36.551430,-119.376976
1639167573,36.551083,-119.376968
1639167576,36.550686,-119.376968
1639167579,36.550278,-119.376968
1639167582,36.549896,-119.376961
1639167585,36.549534,-119.376961
1639167588,36.549133,-119.376953
1639167591,36.548698,-119.376953
1639167594,36.548244,-119.376953
1639167597,36.547775,-119.376953
1639167600,36.547306,-119.376953
1639167603,36.546875,-119.376953
1639167606,36.546509,-119.376953
1639167609,36.546188,-119.376945
1639167612,36.545902,-119.376907
1639167615,36.545734,-119.376907
1639167618,36.545662,-119.376907
1639167621,36.545635,-119.376907
1639167624,36.545628,-119.376907
1639167627,36.545616,-119.376907
1639167630,36.545593,-119.376907
1639167633,36.545586,-119.376907
1639167636,36.545586,-119.376907
1639167639,36.545635,-119.376907
1639167642,36.545544,-119.376907
1639167645,36.545429,-119.376862
1639167648,36.545395,-119.376625
1639167651,36.545403,-119.376251
1639167654,36.545414,-119.375771
1639167660,36.545425,-119.374573
1639167663,36.545429,-119.373909
1639167666,36.545437,-119.373253
1639167669,36.545441,-119.372612
1639167672,36.545441,-119.371986
1639167675,36.545444,-119.371429
1639167678,36.545452,-119.371025
1639167681,36.545444,-119.370804
1639167684,36.545372,-119.370743
1639167687,36.545235,-119.370735
1639167690,36.545040,-119.370743
1639167693,36.544849,-119.370750
1639167696,36.544678,-119.370750
1639167699,36.544556,-119.370758
1639167702,36.544479,-119.370728
1639167705,36.544441,-119.370613
1639167708,36.544437,-119.370491
1639167711,36.544437,-119.370407
1639167714,36.544437,-119.370407
1639167717,36.544437,-119.370407
1639167720,36.544437,-119.370407
1639167723,36.544437,-119.370407
1639167726,36.544441,-119.370415
1639167729,36.544468,-119.370369
1639167732,36.544559,-119.370308
1639167735,36.544727,-119.370308
1639167738,36.544922,-119.370300
1639167741,36.545029,-119.370308
1639167744,36.545071,-119.370422
1639167747,36.545078,-119.370583
1639167750,36.545082,-119.370621
1639167753,36.545097,-119.370674
1639167756,36.545216,-119.370712
1639167759,36.545361,-119.370712
1639167762,36.545406,-119.370712
1639167765,36.545483,-119.370766
1639167768,36.545528,-119.371002
1639167771,36.545528,-119.371391
1639167774,36.545528,-119.371887
1639167777,36.545532,-119.372459
1639167780,36.545528,-119.373093
1639167783,36.545525,-119.373741
1639167786,36.545517,-119.374382
1639167789,36.545509,-119.375015
1639167792,36.545506,-119.375618
1639167795,36.545502,-119.376190
1639167798,36.545498,-119.376724
1639167801,36.545494,-119.377197
1639167804,36.545502,-119.377602
1639167807,36.545506,-119.378014
1639167810,36.545513,-119.378471
1639167813,36.545517,-119.378944
1639167816,36.545528,-119.379372
1639167819,36.545536,-119.379822
1639167822,36.545547,-119.380280
1639167825,36.545559,-119.380722
1639167828,36.545570,-119.381134
1639167831,36.545582,-119.381516
1639167834,36.545593,-119.381905
1639167837,36.545601,-119.382278
1639167840,36.545609,-119.382637
1639167843,36.545620,-119.382973
1639167846,36.545624,-119.383232
1639167849,36.545631,-119.383369
1639167852,36.545631,-119.383400
1639167855,36.545635,-119.383423
1639167858,36.545639,-119.383408
1639167861,36.545639,-119.383423
1639167864,36.545635,-119.383423
1639167867,36.545635,-119.383423
1639167870,36.545635,-119.383423
1639167873,36.545635,-119.383423
1639167876,36.545635,-119.383423
1639167879,36.545635,-119.383400
1639167882,36.545631,-119.383484
1639167885,36.545631,-119.383736
1639167888,36.545662,-119.384079
1639167891,36.545670,-119.384476
1639167894,36.545677,-119.384941
1639167897,36.545692,-119.385429
1639167900,36.545681,-119.385895
1639167903,36.545673,-119.386169
1639167906,36.545609,-119.386330
1639167909,36.545460,-119.386520
1639167912,36.545261,-119.386772
1639167915,36.545090,-119.387016
1639167918,36.544952,-119.387192
1639167921,36.544910,-119.387253
1639167924,36.544895,-119.387276
1639167927,36.544834,-119.387344
1639167930,36.544693,-119.387535
1639167934,36.544514,-119.387787
1639167937,36.544338,-119.388023
1639167940,36.544155,-119.388260
1639167943,36.543964,-119.388496
1639167946,36.543964,-119.388496
1639167949,36.543774,-119.388748
1639167952,36.543404,-119.389275
1639167955,36.543404,-119.389275
1639167958,36.543102,-119.389748
1639167961,36.543102,-119.389748
1639167964,36.542744,-119.390198
1639167967,36.542744,-119.390198
1639167970,36.542694,-119.390266
1639167973,36.542694,-119.390266
1639167976,36.542549,-119.390457
1639167979,36.542549,-119.390457
1639167982,36.542198,-119.390915
1639167985,36.542198,-119.390915
1639167988,36.541962,-119.391243
1639167991,36.541962,-119.391243
1639167994,36.541916,-119.391304
1639167997,36.541916,-119.391304
1639168000,36.541729,-119.391571
1639168003,36.541729,-119.391571
1639168006,36.541466,-119.391975
1639168009,36.541317,-119.392181
1639168012,36.541317,-119.392181
1639168015,36.541237,-119.392342
1639168018,36.541237,-119.392342
1639168021,36.541458,-119.392616
1639168024,36.541458,-119.392616
1639168027,36.541683,-119.392883
1639168030,36.541683,-119.392883
1639168033,36.541676,-119.392868
1639168036,36.541676,-119.392868
1639168039,36.541660,-119.392860
1639168042,36.541660,-119.392860
1639168045,36.541656,-119.392860
1639168048,36.541656,-119.392860
1639168051,36.541656,-119.392860
1639168054,36.541656,-119.392860
1639168057,36.541645,-119.392868
1639168060,36.541645,-119.392868
1639168063,36.541645,-119.392868
1639168066,36.541645,-119.392868
1639168069,36.541645,-119.392868
1639168072,36.541645,-119.392868
1639168075,36.541645,-119.392868
1639168078,36.541645,-119.392868
1639168081,36.541645,-119.392868
1639168084,36.541645,-119.392868
1639168087,36.541645,-119.392868
1639168090,36.541645,-119.392868
1639168093,36.541634,-119.392876
1639168096,36.541634,-119.392876
1639168099,36.541634,-119.392868
1639168102,36.541634,-119.392868
1639168105,36.541634,-119.392868
1639168108,36.541634,-119.392868
1639168111,36.541634,-119.392868
1639168114,36.541634,-119.392868
1639168117,36.541634,-119.392868
1639168120,36.541634,-119.392868
1639168123,36.541634,-119.392868
1639168126,36.541634,-119.392868
1639168129,36.541634,-119.392868
1639168132,36.541634,-119.392868
1639168135,36.541634,-119.392868
1639168138,36.541634,-119.392868
1639168141,36.541634,-119.392868
1639168144,36.541634,-119.392868
1639168147,36.541634,-119.392868
1639168150,36.541634,-119.392868
1639168153,36.541634,-119.392868
1639168156,36.541634,-119.392868
1639168159,36.541634,-119.392868
1639168162,36.541634,-119.392868
1639168165,36.541634,-119.392868
1639168168,36.541634,-119.392868
1639168171,36.541634,-119.392868
1639168174,36.541634,-119.392868
1639168177,36.541634,-119.392868
1639168180,36.541634,-119.392868
1639168183,36.541634,-119.392868
1639168186,36.541634,-119.392868
1639168189,36.541634,-119.392868
1639168192,36.541634,-119.392868
1639168195,36.541634,-119.392868
1639168198,36.541634,-119.392868
1639168201,36.541634,-119.392868
1639168204,36.541634,-119.392868
1639168207,36.541634,-119.392868
1639168210,36.541634,-119.392868
1639168213,36.541634,-119.392868
1639168216,36.541634,-119.392868
1639168219,36.541634,-119.392868
1639168222,36.541634,-119.392868
1639168225,36.541634,-119.392868
1639168228,36.541634,-119.392868
1639168231,36.541634,-119.392868
1639168234,36.541634,-119.392868
1639168237,36.541634,-119.392868
1639168240,36.541634,-119.392868
1639168243,36.541634,-119.392868
1639168246,36.541634,-119.392868
1639168249,36.541634,-119.392868
1639168252,36.541634,-119.392868
1639168255,36.541634,-119.392868
1639168258,36.541634,-119.392868
1639168261,36.541634,-119.392868
1639168264,36.541634,-119.392868
1639168267,36.541634,-119.392868
1639168270,36.541634,-119.392868
1639168273,36.541634,-119.392868
1639168276,36.541634,-119.392868
1639168279,36.541634,-119.392868
1639168282,36.541634,-119.392868
1639168285,36.541634,-119.392868
1639168288,36.541634,-119.392868
1639168291,36.541634,-119.392868
1639168294,36.541634,-119.392868
1639168297,36.541634,-119.392868
1639168300,36.541634,-119.392868
1639168303,36.541634,-119.392868
1639168306,36.541634,-119.392868
1639168309,36.541634,-119.392868
1639168312,36.541634,-119.392868
1639168315,36.541634,-119.392868
1639168318,36.541634,-119.392868
1639168321,36.541634,-119.392868
1639168324,36.541634,-119.392868
1639168327,36.541634,-119.392868
1639168330,36.541634,-119.392868
1639168333,36.541634,-119.392868
1639168336,36.541634,-119.392868
1639168339,36.541634,-119.392868
1639168342,36.541634,-119.392868
1639168345,36.541634,-119.392868
1639168348,36.541634,-119.392868
1639168351,36.541634,-119.392868
1639168354,36.541634,-119.392868
1639168357,36.541634,-119.392868
1639168360,36.541634,-119.392868
1639168363,36.541634,-119.392868
1639168366,36.541634,-119.392868
1639168369,36.541634,-119.392868
1639168372,36.541634,-119.392868
1639168375,36.541634,-119.392868
1639168378,36.541634,-119.392868
1639168381,36.541634,-119.392868
1639168384,36.541634,-119.392868
1639168387,36.541634,-119.392868
1639168390,36.541634,-119.392868
1639168393,36.541634,-119.392868
1639168396,36.541634,-119.392868
1639168399,36.541634,-119.392868
1639168402,36.541634,-119.392868
1639168405,36.541634,-119.392868
1639168408,36.541634,-119.392868
1639168411,36.541634,-119.392868
1639168414,36.541656,-119.392845
1639168417,36.541695,-119.392906
1639168420,36.541809,-119.393074
1639168423,36.541935,-119.393250
1639168426,36.542042,-119.393379
1639168429,36.542061,-119.393539
1639168432,36.541954,-119.393707
1639168435,36.541836,-119.393860
1639168438,36.541805,-119.393906
1639168441,36.541809,-119.393890
1639168444,36.541794,-119.393913
1639168447,36.541786,-119.393936
1639168450,36.541695,-119.394081
1639168453,36.541531,-119.394287
1639168456,36.541405,-119.394470
1639168459,36.541374,-119.394524
1639168462,36.541359,-119.394592
1639168465,36.541397,-119.394745
1639168468,36.541393,-119.394958
1639168471,36.541382,-119.395149
1639168474,36.541370,-119.395271
1639168477,36.541374,-119.395523
1639168480,36.541435,-119.395859
1639168483,36.541626,-119.396164
1639168486,36.541882,-119.396492
1639168489,36.542141,-119.396805
1639168492,36.542316,-119.397125
1639168495,36.542370,-119.397560
1639168498,36.542366,-119.398079
1639168501,36.542362,-119.398651
1639168504,36.542358,-119.399223
1639168507,36.542351,-119.399788
1639168510,36.542351,-119.400345
1639168513,36.542347,-119.400902
1639168516,36.542336,-119.401451
1639168519,36.542332,-119.401993
1639168522,36.542332,-119.402527
1639168525,36.542332,-119.403061
1639168528,36.542336,-119.403519
1639168531,36.542343,-119.403809
1639168534,36.542366,-119.403923
1639168537,36.542374,-119.403954
1639168540,36.542465,-119.404030
1639168543,36.542706,-119.404022
1639168546,36.543015,-119.404022
1639168549,36.543335,-119.404030
1639168552,36.543663,-119.404030
1639168555,36.544010,-119.404022
1639168558,36.544395,-119.403992
1639168561,36.544800,-119.403984
1639168564,36.545193,-119.403992
1639168567,36.545536,-119.403969
1639168570,36.545765,-119.403954
1639168573,36.545872,-119.403946
1639168576,36.545887,-119.403938
1639168579,36.545887,-119.403946
1639168582,36.545883,-119.403946
1639168585,36.545891,-119.403946
1639168588,36.545948,-119.403923
1639168591,36.545948,-119.403755
1639168594,36.545952,-119.403442
1639168597,36.545937,-119.403008
1639168600,36.545937,-119.402489
1639168603,36.545929,-119.401909
1639168606,36.545925,-119.401299
1639168609,36.545918,-119.400726
1639168612,36.545910,-119.400223
1639168615,36.545906,-119.399811
1639168618,36.545902,-119.399490
1639168621,36.545898,-119.399277
1639168624,36.545895,-119.399200
1639168627,36.545895,-119.399178
1639168630,36.545898,-119.399162
1639168633,36.545898,-119.399155
1639168636,36.545898,-119.399185
1639168639,36.545898,-119.399185
1639168642,36.545898,-119.399155
1639168645,36.545891,-119.399025
1639168648,36.545891,-119.398849
1639168651,36.545891,-119.398781
1639168654,36.545891,-119.398773
1639168657,36.545891,-119.398766
1639168660,36.545887,-119.398582
1639168663,36.545876,-119.398247
1639168666,36.545872,-119.397781
1639168669,36.545864,-119.397270
1639168672,36.545853,-119.396744
1639168675,36.545841,-119.396248
1639168678,36.545837,-119.395821
1639168681,36.545830,-119.395493
1639168684,36.545826,-119.395309
1639168687,36.545822,-119.395264
1639168690,36.545815,-119.395271
1639168693,36.545822,-119.395264
1639168696,36.545826,-119.395256
1639168699,36.545826,-119.395241
1639168702,36.545826,-119.395241
1639168705,36.545830,-119.395218
1639168708,36.545818,-119.395096
1639168711,36.545803,-119.394768
1639168714,36.545799,-119.394409
1639168718,36.545780,-119.394096
1639168721,36.545780,-119.394096
1639168724,36.545517,-119.393684
1639168727,36.545517,-119.393684
1639168730,36.545185,-119.393311
1639168733,36.545185,-119.393311
1639168736,36.544762,-119.392799
1639168739,36.544762,-119.392799
1639168742,36.544392,-119.392410
1639168745,36.544392,-119.392410
1639168748,36.544197,-119.392166
1639168751,36.543781,-119.391670
1639168754,36.543781,-119.391670
1639168757,36.543358,-119.391167
1639168760,36.543358,-119.391167
1639168763,36.542908,-119.390717
1639168766,36.542908,-119.390717
1639168769,36.542526,-119.390266
1639168772,36.542324,-119.390045
1639168775,36.542324,-119.390045
1639168778,36.541943,-119.389618
1639168781,36.541943,-119.389618
1639168784,36.541576,-119.389206
1639168787,36.541576,-119.389206
1639168790,36.541203,-119.388786
1639168793,36.541203,-119.388786
1639168796,36.540852,-119.388390
1639168799,36.540852,-119.388390
1639168802,36.540733,-119.388245
1639168805,36.540733,-119.388245
1639168808,36.540756,-119.388062
1639168811,36.540867,-119.387878
1639168814,36.540913,-119.387802
1639168817,36.541149,-119.387428
1639168820,36.541191,-119.387360
1639168823,36.541290,-119.387215
1639168826,36.541286,-119.387215
1639168829,36.541279,-119.387215
1639168832,36.541412,-119.387024
1639168835,36.541546,-119.386848
1639168838,36.541645,-119.386719
1639168841,36.541794,-119.386528
1639168844,36.541794,-119.386528
1639168847,36.542004,-119.386246
1639168850,36.542004,-119.386246
1639168853,36.542084,-119.386147
1639168856,36.542217,-119.386139
1639168859,36.542217,-119.386139
1639168862,36.542309,-119.386238
1639168865,36.542309,-119.386238
1639168868,36.542347,-119.386230
1639168871,36.542297,-119.386238
1639168874,36.542297,-119.386238
1639168877,36.542297,-119.386238
1639168880,36.542339,-119.386322
1639168883,36.542446,-119.386467
1639168886,36.542622,-119.386673
1639168889,36.542812,-119.386864
1639168892,36.542965,-119.387009
1639168895,36.543037,-119.387070
1639168898,36.543083,-119.387108
1639168901,36.543182,-119.387077
1639168904,36.543312,-119.386909
1639168907,36.543465,-119.386696
1639168910,36.543625,-119.386467
1639168913,36.543785,-119.386246
1639168916,36.543961,-119.386017
1639168919,36.544132,-119.385796
1639168922,36.544289,-119.385597
1639168925,36.544392,-119.385452
1639168928,36.544430,-119.385384
1639168931,36.544441,-119.385292
1639168934,36.544449,-119.385139
1639168937,36.544441,-119.384895
1639168940,36.544437,-119.384605
1639168943,36.544434,-119.384331
1639168946,36.544422,-119.384041
1639168949,36.544411,-119.383743
1639168952,36.544399,-119.383438
1639168955,36.544388,-119.383110
1639168958,36.544376,-119.382767
1639168961,36.544369,-119.382431
1639168964,36.544361,-119.382118
1639168967,36.544346,-119.381790
1639168970,36.544331,-119.381439
1639168973,36.544315,-119.381073
1639168976,36.544285,-119.380699
1639168979,36.544262,-119.380371
1639168982,36.544262,-119.380203
1639168985,36.544273,-119.380188
1639168988,36.544281,-119.380173
1639168991,36.544292,-119.380165
1639168994,36.544296,-119.380211
1639168997,36.544304,-119.380219
1639169000,36.544304,-119.380219
1639169003,36.544304,-119.380219
1639169006,36.544304,-119.380219
1639169009,36.544304,-119.380219
1639169012,36.544304,-119.380219
1639169015,36.544304,-119.380219
1639169018,36.544304,-119.380219
1639169021,36.544304,-119.380219
1639169024,36.544304,-119.380219
1639169027,36.544304,-119.380219
1639169030,36.544304,-119.380219
1639169033,36.544304,-119.380219
1639169036,36.544304,-119.380219
1639169039,36.544304,-119.380219
1639169042,36.544304,-119.380219
1639169045,36.544304,-119.380219
1639169048,36.544304,-119.380219
1639169051,36.544304,-119.380219
1639169054,36.544304,-119.380219
1639169057,36.544304,-119.380219
1639169060,36.544304,-119.380219
1639169063,36.544304,-119.380219
1639169066,36.544304,-119.380219
1639169069,36.544304,-119.380219
1639169072,36.544304,-119.380219
1639169075,36.544304,-119.380219
1639169078,36.544304,-119.380219
1639169081,36.544304,-119.380219
1639169084,36.544304,-119.380219
1639169087,36.544304,-119.380219
1639169090,36.544304,-119.380219
1639169093,36.544304,-119.380219
1639169096,36.544304,-119.380219
1639169099,36.544304,-119.380219
1639169102,36.544304,-119.380219
1639169105,36.544304,-119.380219
1639169108,36.544304,-119.380219
1639169111,36.544304,-119.380219
1639169114,36.544304,-119.380219
1639169117,36.544304,-119.380219
1639169120,36.544304,-119.380219
1639169123,36.544304,-119.380219
1639169126,36.544304,-119.380219
1639169129,36.544304,-119.380219
1639169132,36.544304,-119.380219
1639169135,36.544304,-119.380219
1639169138,36.544304,-119.380219
1639169141,36.544304,-119.380219
1639169144,36.544304,-119.380219
1639169147,36.544304,-119.380219
1639169150,36.544304,-119.380219
1639169153,36.544304,-119.380219
1639169156,36.544304,-119.380219
1639169159,36.544304,-119.380219
1639169162,36.544304,-119.380219
1639169165,36.544304,-119.380219
1639169168,36.544304,-119.380219
1639169171,36.544304,-119.380219
1639169174,36.544304,-119.380219
1639169177,36.544304,-119.380219
1639169180,36.544304,-119.380219
1639169183,36.544304,-119.380219
1639169186,36.544254,-119.380211
1639169189,36.544270,-119.380096
1639169192,36.544270,-119.380013
1639169195,36.544201,-119.379951
1639169198,36.544014,-119.379959
1639169201,36.543812,-119.379990
1639169204,36.543629,-119.379990
1639169207,36.543522,-119.379852
1639169210,36.543495,-119.379623
1639169213,36.543385,-119.379501
1639169216,36.543205,-119.379494
1639169219,36.543026,-119.379501
1639169222,36.542934,-119.379509
1639169225,36.542912,-119.379501
1639169228,36.542847,-119.379570
1639169231,36.542850,-119.379745
1639169234,36.542862,-119.380020
1639169237,36.542885,-119.380325
1639169240,36.542896,-119.380646
1639169243,36.542900,-119.380951
1639169246,36.542900,-119.381248
1639169249,36.542900,-119.381546
1639169252,36.542908,-119.381836
1639169255,36.542919,-119.382103
1639169258,36.542900,-119.382278
1639169261,36.542831,-119.382324
1639169264,36.542728,-119.382324
1639169267,36.542568,-119.382324
1639169270,36.542374,-119.382339
1639169273,36.542187,-119.382332
1639169276,36.541996,-119.382324
1639169279,36.541805,-119.382339
1639169282,36.541676,-119.382339
1639169285,36.541656,-119.382339
1639169288,36.541649,-119.382339
1639169291,36.541622,-119.382339
1639169294,36.541615,-119.382332
1639169297,36.541580,-119.382370
1639169300,36.541553,-119.382462
1639169303,36.541519,-119.382561
1639169306,36.541451,-119.382576
1639169309,36.541332,-119.382591
1639169312,36.541115,-119.382599
1639169315,36.540859,-119.382599
1639169318,36.540581,-119.382584
1639169321,36.540298,-119.382584
1639169324,36.540012,-119.382584
1639169327,36.539719,-119.382584
1639169330,36.539417,-119.382576
1639169333,36.539124,-119.382576
1639169336,36.538853,-119.382576
1639169339,36.538605,-119.382561
1639169342,36.538460,-119.382553
1639169345,36.538425,-119.382561
1639169348,36.538429,-119.382561
1639169351,36.538433,-119.382561
1639169354,36.538372,-119.382561
1639169357,36.538300,-119.382561
1639169360,36.538166,-119.382561
1639169363,36.537952,-119.382553
1639169366,36.537727,-119.382553
1639169369,36.537560,-119.382553
1639169372,36.537483,-119.382614
1639169375,36.537495,-119.382767
1639169378,36.537510,-119.382950
1639169381,36.537506,-119.383141
1639169384,36.537502,-119.383385
1639169387,36.537506,-119.383659
1639169390,36.537521,-119.383942
1639169393,36.537521,-119.384224
1639169396,36.537529,-119.384514
1639169399,36.537544,-119.384796
1639169402,36.537560,-119.385086
1639169405,36.537563,-119.385368
1639169408,36.537571,-119.385651
1639169411,36.537575,-119.385811
1639169414,36.537575,-119.385834
1639169417,36.537579,-119.385841
1639169420,36.537575,-119.385841
1639169423,36.537571,-119.385895
1639169426,36.537563,-119.385933
1639169429,36.537491,-119.385986
1639169432,36.537312,-119.385986
1639169435,36.537075,-119.385971
1639169438,36.536831,-119.385963
1639169441,36.536591,-119.385956
1639169444,36.536339,-119.385956
1639169447,36.536072,-119.385956
1639169450,36.535793,-119.385956
1639169453,36.535507,-119.385963
1639169456,36.535225,-119.385971
1639169459,36.534977,-119.385979
1639169462,36.534885,-119.385979
1639169465,36.534863,-119.385979
1639169468,36.534889,-119.385986
1639169471,36.534798,-119.385979
1639169474,36.534622,-119.385963
1639169477,36.534374,-119.385948
1639169480,36.534111,-119.385941
1639169483,36.533840,-119.385941
1639169486,36.533569,-119.385941
1639169489,36.533287,-119.385948
1639169492,36.533005,-119.385941
1639169495,36.532722,-119.385933
1639169499,36.532459,-119.385941
1639169502,36.532459,-119.385941
1639169505,36.531898,-119.385948
1639169508,36.531898,-119.385948
1639169511,36.531590,-119.385979
1639169514,36.531475,-119.385971
1639169517,36.531475,-119.385971
1639169520,36.531399,-119.385948
1639169523,36.531399,-119.385948
1639169526,36.531307,-119.386253
1639169529,36.531307,-119.386253
1639169532,36.531315,-119.387039
1639169535,36.531315,-119.387039
1639169538,36.531322,-119.388016
1639169541,36.531322,-119.388016
1639169544,36.531338,-119.389023
1639169547,36.531338,-119.389023
1639169550,36.531349,-119.389923
1639169553,36.531349,-119.389923
1639169556,36.531357,-119.390930
1639169559,36.531357,-119.390930
1639169562,36.531353,-119.391823
1639169565,36.531357,-119.392204
1639169568,36.531357,-119.392204
1639169571,36.531368,-119.392616
1639169574,36.531368,-119.392616
1639169577,36.531601,-119.392677
1639169580,36.531601,-119.392677
1639169583,36.531910,-119.392693
1639169586,36.531910,-119.392693
1639169589,36.532322,-119.392670
1639169592,36.532322,-119.392670
1639169595,36.532578,-119.392647
1639169598,36.532795,-119.392632
1639169601,36.532795,-119.392632
1639169604,36.533337,-119.392639
1639169607,36.533421,-119.392647
1639169610,36.533604,-119.392639
1639169613,36.533710,-119.392632
1639169616,36.533768,-119.392616
1639169619,36.533791,-119.392601
1639169622,36.533791,-119.392601
1639169625,36.533810,-119.392601
1639169628,36.533810,-119.392601
1639169631,36.533810,-119.392601
1639169634,36.533810,-119.392601
1639169637,36.533810,-119.392601
1639169640,36.533802,-119.392616
1639169643,36.533802,-119.392616
1639169646,36.533806,-119.392616
1639169649,36.533806,-119.392616
1639169652,36.533810,-119.392616
1639169655,36.533813,-119.392624
1639169658,36.533859,-119.392624
1639169661,36.533859,-119.392624
1639169664,36.534004,-119.392632
1639169667,36.534523,-119.392693
1639169670,36.534523,-119.392693
1639169673,36.534824,-119.392838
1639169676,36.534889,-119.392899
1639169679,36.535065,-119.393066
1639169682,36.535278,-119.393311
1639169685,36.535278,-119.393311
1639169688,36.535816,-119.393906
1639169691,36.535995,-119.394104
1639169694,36.536137,-119.394150
1639169697,36.536289,-119.393990
1639169700,36.536488,-119.393715
1639169703,36.536682,-119.393425
1639169706,36.536892,-119.393143
1639169709,36.537102,-119.392853
1639169712,36.537300,-119.392578
1639169715,36.537445,-119.392387
1639169718,36.537479,-119.392334
1639169721,36.537540,-119.392281
1639169724,36.537689,-119.392326
1639169727,36.537807,-119.392464
1639169730,36.537876,-119.392532
1639169733,36.538288,-119.393013
1639169736,36.538330,-119.393051
1639169739,36.538403,-119.393143
1639169742,36.538403,-119.393143
1639169745,36.538620,-119.393219
1639169748,36.538761,-119.393044
1639169751,36.538929,-119.392807
1639169754,36.539089,-119.392586
1639169757,36.539223,-119.392395
1639169760,36.539360,-119.392197
1639169763,36.539463,-119.392059
1639169766,36.539509,-119.391991
1639169769,36.539627,-119.391823
1639169772,36.539680,-119.391754
1639169775,36.539677,-119.391762
1639169778,36.539680,-119.391762
1639169781,36.539776,-119.391624
1639169784,36.539776,-119.391624
1639169787,36.540062,-119.391258
1639169790,36.540230,-119.391319
1639169793,36.540405,-119.391502
1639169796,36.540600,-119.391724
1639169799,36.540802,-119.391960
1639169802,36.541004,-119.392197
1639169805,36.541206,-119.392410
1639169808,36.541412,-119.392586
1639169811,36.541584,-119.392754
1639169814,36.541668,-119.392853
1639169817,36.541679,-119.392853
