1639169964,36.541996,-119.392853
1639169967,36.541996,-119.392853
1639169970,36.541843,-119.392975
1639169973,36.541740,-119.392899
1639169976,36.541740,-119.392899
1639169979,36.541733,-119.392906
1639169982,36.541733,-119.392906
1639169985,36.541733,-119.392906
1639169988,36.541733,-119.392906
1639169991,36.541733,-119.392906
1639169994,36.541733,-119.392906
1639169997,36.541733,-119.392906
1639170000,36.541733,-119.392906
1639170003,36.541733,-119.392906
1639170006,36.541733,-119.392906
1639170009,36.541733,-119.392906
1639170012,36.541733,-119.392906
1639170015,36.541733,-119.392906
1639170018,36.541733,-119.392906
1639170021,36.541733,-119.392906
1639170024,36.541733,-119.392906
1639170027,36.541733,-119.392906
1639170030,36.541733,-119.392906
1639170033,36.541733,-119.392906
1639170036,36.541679,-119.392868
1639170039,36.541698,-119.392899
1639170042,36.541767,-119.393021
1639170045,36.541889,-119.393196
1639170048,36.542027,-119.393364
1639170051,36.542213,-119.393578
1639170054,36.542446,-119.393837
1639170057,36.542686,-119.394112
1639170060,36.542938,-119.394386
1639170063,36.543137,-119.394608
1639170066,36.543198,-119.394821
1639170069,36.543217,-119.394905
1639170072,36.543285,-119.394981
1639170075,36.543518,-119.394981
1639170078,36.543842,-119.394981
1639170081,36.544235,-119.394981
1639170084,36.544613,-119.394974
1639170087,36.544945,-119.394958
1639170090,36.545170,-119.394958
1639170093,36.545280,-119.394958
1639170096,36.545353,-119.394951
1639170099,36.545395,-119.394951
1639170102,36.545406,-119.394951
1639170105,36.545418,-119.394951
1639170108,36.545425,-119.394951
1639170111,36.545448,-119.394958
1639170114,36.545578,-119.394958
1639170117,36.545837,-119.394943
1639170120,36.546165,-119.394943
1639170123,36.546539,-119.394966
1639170126,36.546951,-119.395004
1639170129,36.547379,-119.395012
1639170132,36.547825,-119.395012
1639170135,36.548260,-119.395012
1639170138,36.548676,-119.395012
1639170141,36.549057,-119.395004
1639170144,36.549355,-119.395004
1639170147,36.549500,-119.394974
1639170150,36.549530,-119.394829
1639170153,36.549507,-119.394569
1639170156,36.549488,-119.394264
1639170159,36.549480,-119.393936
1639170162,36.549469,-119.393600
1639170165,36.549458,-119.393250
1639170168,36.549446,-119.392921
1639170171,36.549438,-119.392570
1639170174,36.549427,-119.392212
1639170177,36.549416,-119.391853
1639170180,36.549400,-119.391495
1639170183,36.549381,-119.391144
1639170186,36.549374,-119.390846
1639170189,36.549370,-119.390701
1639170192,36.549370,-119.390656
1639170195,36.549320,-119.390564
1639170198,36.549217,-119.390556
1639170201,36.549141,-119.390564
1639170204,36.548664,-119.390564
1639170207,36.548561,-119.390556
1639170210,36.548244,-119.390556
1639170213,36.547749,-119.390556
1639170216,36.547672,-119.390480
1639170219,36.547672,-119.390305
1639170222,36.547665,-119.390038
1639170225,36.547642,-119.389740
1639170228,36.547630,-119.389534
1639170231,36.547630,-119.389481
1639170234,36.547630,-119.389404
1639170237,36.547623,-119.389297
1639170240,36.547619,-119.389198
1639170243,36.547615,-119.389122
1639170246,36.547604,-119.388550
1639170249,36.547596,-119.388405
1639170252,36.547600,-119.388390
1639170255,36.547630,-119.388306
1639170258,36.547791,-119.388252
1639170261,36.548046,-119.388252
1639170264,36.548351,-119.388252
1639170267,36.548557,-119.388252
1639170270,36.548656,-119.388252
1639170273,36.549152,-119.388252
1639170276,36.549240,-119.388252
1639170279,36.549309,-119.388252
1639170282,36.549500,-119.388252
1639170285,36.549747,-119.388260
1639170288,36.550007,-119.388260
1639170291,36.550266,-119.388268
1639170294,36.550529,-119.388268
1639170297,36.550793,-119.388268
1639170300,36.551006,-119.388260
1639170303,36.551155,-119.388260
1639170306,36.551357,-119.388260
1639170309,36.551586,-119.388268
1639170312,36.551834,-119.388275
1639170315,36.552086,-119.388283
1639170318,36.552315,-119.388275
1639170321,36.552544,-119.388275
1639170324,36.552750,-119.388268
1639170327,36.552849,-119.388268
1639170330,36.552864,-119.388268
1639170333,36.552879,-119.388275
1639170336,36.552917,-119.388237
1639170339,36.552921,-119.388069
1639170342,36.552921,-119.387764
1639170345,36.552910,-119.387390
1639170348,36.552898,-119.387016
1639170351,36.552891,-119.386681
1639170354,36.552883,-119.386360
1639170357,36.552879,-119.386131
1639170360,36.552887,-119.386024
1639170363,36.552948,-119.385986
1639170367,36.553078,-119.386002
1639170369,36.553280,-119.385994
1639170372,36.553280,-119.385994
1639170375,36.553810,-119.385994
1639170379,36.554077,-119.386002
1639170381,36.554077,-119.386002
1639170385,36.554535,-119.386009
1639170387,36.554535,-119.386009
1639170391,36.554653,-119.386024
1639170394,36.554653,-119.386024
1639170397,36.554752,-119.386436
1639170400,36.554752,-119.386436
1639170402,36.554760,-119.387138
1639170406,36.554771,-119.387489
1639170409,36.554771,-119.387489
1639170412,36.554787,-119.388092
1639170415,36.554787,-119.388092
1639170418,36.554810,-119.388191
1639170421,36.554810,-119.388191
1639170424,36.555157,-119.388290
1639170427,36.555157,-119.388290
1639170430,36.555656,-119.388290
1639170433,36.555656,-119.388290
1639170436,36.555969,-119.388275
1639170439,36.556438,-119.388283
1639170442,36.556438,-119.388283
1639170445,36.556480,-119.388283
1639170448,36.556717,-119.388283
1639170451,36.556717,-119.388283
1639170454,36.557201,-119.388283
1639170457,36.557201,-119.388283
1639170460,36.557739,-119.388298
1639170463,36.557915,-119.388290
1639170466,36.558228,-119.388298
1639170469,36.558544,-119.388298
1639170472,36.558544,-119.388298
1639170475,36.559158,-119.388298
1639170478,36.559349,-119.388313
1639170481,36.559639,-119.388329
1639170484,36.559639,-119.388329
1639170487,36.560036,-119.388260
1639170490,36.560036,-119.388260
1639170493,36.560089,-119.388252
1639170496,36.560143,-119.388077
1639170499,36.560135,-119.387268
1639170502,36.560135,-119.387268
1639170505,36.560112,-119.386200
1639170508,36.560112,-119.386200
1639170511,36.560040,-119.385040
1639170514,36.560040,-119.385040
1639170517,36.559998,-119.384583
1639170520,36.559998,-119.384583
1639170523,36.559986,-119.384491
1639170526,36.559978,-119.384491
1639170529,36.559971,-119.384483
1639170532,36.559967,-119.384483
1639170535,36.559967,-119.384483
1639170538,36.559967,-119.384483
1639170541,36.559967,-119.384483
1639170544,36.559967,-119.384483
1639170547,36.559967,-119.384483
1639170550,36.559967,-119.384483
1639170553,36.559967,-119.384483
1639170556,36.559967,-119.384483
1639170559,36.559967,-119.384483
1639170562,36.559967,-119.384483
1639170565,36.559967,-119.384483
1639170568,36.559967,-119.384483
1639170571,36.559967,-119.384483
1639170574,36.559967,-119.384483
1639170577,36.559967,-119.384483
1639170580,36.559967,-119.384483
1639170583,36.559967,-119.384483
1639170586,36.559967,-119.384483
1639170589,36.559967,-119.384483
1639170592,36.559967,-119.384483
1639170595,36.559967,-119.384483
1639170598,36.559967,-119.384483
1639170601,36.559967,-119.384483
1639170604,36.559967,-119.384483
1639170607,36.559967,-119.384483
1639170610,36.559967,-119.384483
1639170613,36.559967,-119.384483
1639170616,36.559967,-119.384483
1639170619,36.559998,-119.384468
1639170622,36.559998,-119.384468
1639170625,36.559998,-119.384468
1639170628,36.560013,-119.383980
1639170631,36.559986,-119.383698
1639170634,36.559975,-119.383179
1639170637,36.559967,-119.382607
1639170640,36.559956,-119.382019
1639170643,36.559937,-119.381416
1639170646,36.559937,-119.381416
1639170649,36.559887,-119.379990
1639170652,36.559864,-119.379387
1639170655,36.559845,-119.378815
1639170658,36.559834,-119.378235
1639170661,36.559822,-119.377716
1639170664,36.559807,-119.377327
1639170667,36.559784,-119.377106
1639170670,36.559780,-119.377075
1639170673,36.559738,-119.377014
1639170676,36.559498,-119.376999
1639170679,36.559155,-119.377007
1639170682,36.558769,-119.377007
1639170685,36.558369,-119.377007
1639170688,36.557957,-119.377007
1639170691,36.557529,-119.377007
1639170694,36.557129,-119.377007
1639170697,36.556770,-119.377014
1639170700,36.556496,-119.377014
1639170703,36.556328,-119.377029
1639170706,36.556244,-119.377098
1639170709,36.556244,-119.377312
1639170712,36.556267,-119.377609
1639170715,36.556313,-119.377945
1639170718,36.556316,-119.378258
1639170721,36.556328,-119.378578
1639170724,36.556339,-119.378906
1639170727,36.556347,-119.379227
1639170730,36.556351,-119.379555
1639170733,36.556358,-119.379883
1639170736,36.556366,-119.380203
1639170739,36.556381,-119.380531
1639170742,36.556389,-119.380852
1639170745,36.556400,-119.381149
1639170748,36.556408,-119.381348
1639170751,36.556408,-119.381378
1639170754,36.556408,-119.381432
1639170757,36.556362,-119.381523
1639170760,36.556217,-119.381531
1639170763,36.555977,-119.381538
1639170766,36.555729,-119.381531
1639170769,36.555473,-119.381531
1639170772,36.555218,-119.381531
1639170775,36.554955,-119.381531
1639170778,36.554699,-119.381531
1639170781,36.554451,-119.381531
1639170784,36.554207,-119.381531
1639170787,36.553974,-119.381531
1639170790,36.553753,-119.381523
1639170793,36.553524,-119.381516
1639170796,36.553303,-119.381516
1639170799,36.553085,-119.381516
1639170802,36.552925,-119.381523
1639170805,36.552868,-119.381516
1639170808,36.552795,-119.381516
1639170811,36.552727,-119.381363
1639170814,36.552711,-119.381142
1639170817,36.552708,-119.381027
1639170820,36.552708,-119.381020
1639170823,36.552708,-119.381020
1639170826,36.552708,-119.381020
1639170829,36.552708,-119.381012
1639170832,36.552708,-119.381012
1639170835,36.552708,-119.381012
1639170838,36.552708,-119.381012
1639170841,36.552708,-119.381012
1639170844,36.552708,-119.381012
1639170847,36.552708,-119.381012
1639170850,36.552708,-119.381012
1639170853,36.552708,-119.381012
1639170856,36.552708,-119.381012
1639170859,36.552708,-119.381012
1639170862,36.552708,-119.381012
1639170865,36.552708,-119.381012
1639170868,36.552708,-119.381012
1639170871,36.552708,-119.381012
1639170874,36.552708,-119.381012
1639170877,36.552708,-119.381012
1639170880,36.552708,-119.381012
1639170883,36.552708,-119.381012
1639170886,36.552708,-119.381012
1639170889,36.552708,-119.381012
1639170892,36.552708,-119.381012
1639170895,36.552708,-119.381012
1639170898,36.552708,-119.381012
1639170901,36.552708,-119.381012
1639170904,36.552708,-119.381012
1639170907,36.552708,-119.381012
1639170910,36.552708,-119.381012
1639170913,36.552708,-119.381012
1639170916,36.552708,-119.381012
1639170919,36.552708,-119.381012
1639170922,36.552708,-119.381012
1639170925,36.552708,-119.381012
1639170928,36.552708,-119.381012
1639170931,36.552708,-119.381012
1639170934,36.552708,-119.381012
1639170937,36.552708,-119.381012
1639170940,36.552708,-119.381012
1639170943,36.552708,-119.381012
1639170946,36.552708,-119.381012
1639170949,36.552708,-119.381012
1639170952,36.552708,-119.381012
1639170955,36.552708,-119.381012
1639170958,36.552708,-119.381012
1639170961,36.552708,-119.381012
1639170964,36.552708,-119.381012
1639170967,36.552708,-119.381012
1639170970,36.552708,-119.381012
1639170973,36.552708,-119.381012
1639170976,36.552708,-119.381012
1639170979,36.552708,-119.381012
1639170982,36.552708,-119.381012
1639170985,36.552708,-119.381012
1639170988,36.552708,-119.381012
1639170991,36.552708,-119.381012
1639170994,36.552708,-119.381012
1639170997,36.552708,-119.381012
1639171000,36.552708,-119.381012
1639171003,36.552708,-119.381012
1639171006,36.552708,-119.381012
1639171009,36.552708,-119.381012
1639171012,36.552708,-119.381012
1639171015,36.552708,-119.381012
1639171018,36.552708,-119.381012
1639171021,36.552708,-119.381012
1639171024,36.552708,-119.381012
1639171027,36.552708,-119.381012
1639171030,36.552708,-119.381012
1639171033,36.552708,-119.381012
1639171036,36.552708,-119.381012
1639171039,36.552708,-119.381012
1639171042,36.552708,-119.381012
1639171045,36.552708,-119.381012
1639171048,36.552708,-119.381012
1639171051,36.552708,-119.381012
1639171054,36.552708,-119.381012
1639171057,36.552708,-119.381012
1639171060,36.552708,-119.381012
1639171063,36.552708,-119.381012
1639171066,36.552708,-119.381012
1639171069,36.552708,-119.381012
1639171072,36.552708,-119.381012
1639171075,36.552708,-119.381012
1639171078,36.552708,-119.381012
1639171081,36.552708,-119.381012
1639171084,36.552708,-119.381012
1639171087,36.552708,-119.381012
1639171090,36.552708,-119.381012
1639171093,36.552708,-119.381012
1639171096,36.552708,-119.381012
1639171099,36.552708,-119.381012
1639171102,36.552708,-119.381012
1639171105,36.552708,-119.381020
1639171108,36.552723,-119.380905
1639171111,36.552727,-119.380699
1639171114,36.552719,-119.380402
1639171117,36.552715,-119.380104
1639171120,36.552700,-119.379807
1639171123,36.552700,-119.379494
1639171126,36.552692,-119.379173
1639171129,36.552685,-119.378853
1639171132,36.552681,-119.378525
1639171135,36.552673,-119.378181
1639171138,36.552670,-119.377846
1639171142,36.552654,-119.377525
1639171145,36.552654,-119.377525
1639171148,36.552628,-119.377090
1639171151,36.552628,-119.377090
1639171154,36.552544,-119.376945
1639171157,36.552544,-119.376945
1639171160,36.552025,-119.376945
1639171163,36.552025,-119.376945
1639171166,36.551220,-119.376945
1639171169,36.551220,-119.376945
1639171172,36.550354,-119.376945
1639171175,36.550354,-119.376945
1639171178,36.549538,-119.376938
1639171181,36.549538,-119.376938
1639171184,36.548710,-119.376945
1639171187,36.548332,-119.376953
1639171190,36.547878,-119.376938
1639171193,36.547474,-119.376923
1639171196,36.547474,-119.376923
1639171199,36.546898,-119.376923
1639171202,36.546745,-119.376923
1639171205,36.546482,-119.376923
1639171208,36.546482,-119.376923
1639171211,36.546093,-119.376915
1639171214,36.545635,-119.376892
1639171217,36.545582,-119.376900
1639171220,36.545586,-119.376907
1639171223,36.545586,-119.376915
1639171226,36.545586,-119.376923
1639171229,36.545586,-119.376923
1639171232,36.545586,-119.376930
1639171235,36.545586,-119.376930
1639171238,36.545586,-119.376930
1639171241,36.545586,-119.376930
1639171244,36.545551,-119.376930
1639171247,36.545551,-119.376930
1639171250,36.545425,-119.376877
1639171253,36.545376,-119.376305
1639171256,36.545399,-119.375801
1639171259,36.545399,-119.375801
1639171262,36.545403,-119.374443
1639171265,36.545414,-119.373802
1639171268,36.545425,-119.373146
1639171271,36.545429,-119.372513
1639171274,36.545429,-119.371895
1639171277,36.545425,-119.371353
1639171280,36.545441,-119.370956
1639171283,36.545403,-119.370766
1639171286,36.545296,-119.370728
1639171289,36.545086,-119.370743
1639171292,36.544868,-119.370773
1639171295,36.544651,-119.370796
1639171298,36.544525,-119.370804
1639171301,36.544445,-119.370758
1639171304,36.544411,-119.370590
1639171307,36.544407,-119.370445
1639171310,36.544407,-119.370415
1639171313,36.544407,-119.370407
1639171316,36.544399,-119.370415
1639171319,36.544399,-119.370407
1639171322,36.544399,-119.370399
1639171325,36.544399,-119.370399
1639171328,36.544430,-119.370377
1639171331,36.544556,-119.370323
1639171334,36.544731,-119.370323
1639171337,36.544888,-119.370308
1639171340,36.544998,-119.370308
1639171343,36.545055,-119.370407
1639171346,36.545067,-119.370567
1639171349,36.545071,-119.370644
1639171352,36.545071,-119.370644
1639171355,36.545128,-119.370712
1639171358,36.545258,-119.370697
1639171361,36.545368,-119.370697
1639171364,36.545403,-119.370705
1639171367,36.545494,-119.370872
1639171370,36.545517,-119.371231
1639171373,36.545536,-119.371704
1639171376,36.545536,-119.372284
1639171379,36.545521,-119.372917
1639171382,36.545509,-119.373581
1639171385,36.545506,-119.374245
1639171388,36.545502,-119.374893
1639171391,36.545490,-119.375534
1639171394,36.545486,-119.376068
1639171397,36.545483,-119.376442
1639171400,36.545483,-119.376648
1639171403,36.545483,-119.376755
1639171406,36.545483,-119.376762
1639171409,36.545486,-119.376770
1639171412,36.545490,-119.376778
1639171415,36.545490,-119.376785
1639171418,36.545490,-119.376785
1639171421,36.545490,-119.376785
1639171424,36.545490,-119.376785
1639171427,36.545490,-119.376785
1639171430,36.545490,-119.376785
1639171433,36.545490,-119.376785
1639171436,36.545490,-119.376785
1639171439,36.545486,-119.376808
1639171442,36.545490,-119.376961
1639171445,36.545490,-119.377304
1639171448,36.545506,-119.377762
1639171451,36.545521,-119.378304
1639171454,36.545532,-119.378868
1639171457,36.545551,-119.379471
1639171460,36.545567,-119.380074
1639171463,36.545578,-119.380646
1639171466,36.545589,-119.381203
1639171469,36.545601,-119.381767
1639171472,36.545616,-119.382324
1639171475,36.545631,-119.382843
1639171478,36.545643,-119.383339
1639171481,36.545658,-119.383835
1639171484,36.545673,-119.384308
1639171487,36.545685,-119.384789
1639171490,36.545692,-119.385284
1639171493,36.545685,-119.385727
1639171496,36.545681,-119.386040
1639171499,36.545685,-119.386177
1639171502,36.545689,-119.386208
1639171505,36.545609,-119.386337
1639171508,36.545448,-119.386528
1639171511,36.545269,-119.386780
1639171514,36.545086,-119.387016
1639171517,36.544952,-119.387199
1639171520,36.544910,-119.387260
1639171523,36.544907,-119.387260
1639171526,36.544849,-119.387344
1639171529,36.544716,-119.387512
1639171532,36.544540,-119.387764
1639171535,36.544350,-119.388023
1639171538,36.544155,-119.388290
1639171541,36.543961,-119.388535
1639171544,36.543770,-119.388786
1639171547,36.543591,-119.389038
1639171550,36.543411,-119.389282
1639171553,36.543228,-119.389519
1639171556,36.543045,-119.389771
1639171559,36.542858,-119.390022
1639171562,36.542725,-119.390213
1639171565,36.542679,-119.390274
1639171568,36.542656,-119.390305
1639171571,36.542576,-119.390404
1639171574,36.542435,-119.390602
1639171577,36.542271,-119.390831
1639171580,36.542118,-119.391022
1639171583,36.542011,-119.391174
1639171586,36.541954,-119.391243
1639171589,36.541946,-119.391258
1639171592,36.541916,-119.391296
1639171595,36.541840,-119.391396
1639171598,36.541702,-119.391579
1639171601,36.541565,-119.391777
1639171604,36.541431,-119.391960
1639171607,36.541302,-119.392136
1639171610,36.541229,-119.392242
1639171613,36.541225,-119.392250
1639171616,36.541225,-119.392258
1639171619,36.541183,-119.392311
1639171622,36.541214,-119.392433
1639171625,36.541370,-119.392563
1639171628,36.541546,-119.392731
1639171631,36.541653,-119.392845
1639171634,36.541672,-119.392868
