1639180908,36.542244,-119.393227
1639180911,36.542145,-119.393112
1639180914,36.542145,-119.393112
1639180917,36.542145,-119.393112
1639180920,36.542145,-119.393112
1639180923,36.541988,-119.393356
1639180926,36.541988,-119.393356
1639180929,36.542114,-119.393517
1639180932,36.542114,-119.393517
1639180935,36.542084,-119.393806
1639180938,36.542084,-119.393806
1639180941,36.542084,-119.393806
1639180944,36.542084,-119.393806
1639180947,36.542084,-119.393806
1639180950,36.542084,-119.393806
1639180953,36.542084,-119.393806
1639180956,36.542084,-119.393806
1639180959,36.542084,-119.393806
1639180962,36.542084,-119.393806
1639180965,36.542084,-119.393806
1639180968,36.542084,-119.393806
1639180971,36.541321,-119.394577
1639180974,36.541317,-119.394585
1639180977,36.541309,-119.394630
1639180980,36.541309,-119.394630
1639180983,36.541309,-119.394630
1639180986,36.541309,-119.394630
1639180989,36.541309,-119.394630
1639180992,36.541309,-119.394630
1639180995,36.541309,-119.394630
1639180998,36.541309,-119.394630
1639181001,36.541309,-119.394630
1639181004,36.542213,-119.395973
1639181007,36.542225,-119.395966
1639181010,36.543457,-119.401466
1639181013,36.543457,-119.401466
1639181016,36.543457,-119.401466
1639181019,36.543041,-119.401756
1639181022,36.542950,-119.401741
1639181025,36.542892,-119.401855
1639181028,36.542892,-119.401855
1639181031,36.542892,-119.401855
1639181034,36.542892,-119.401855
1639181037,36.542950,-119.401810
1639181040,36.542835,-119.401871
1639181043,36.542839,-119.401886
1639181046,36.542839,-119.401886
1639181049,36.542839,-119.401886
1639181052,36.542839,-119.401886
1639181055,36.542854,-119.403160
1639181058,36.542889,-119.403328
1639181061,36.542889,-119.403481
1639181064,36.542889,-119.403481
1639181067,36.542889,-119.403481
1639181070,36.542988,-119.403397
1639181073,36.542992,-119.403389
1639181076,36.542862,-119.403305
1639181079,36.542862,-119.403305
1639181082,36.542862,-119.403305
1639181085,36.542862,-119.403305
1639181088,36.542862,-119.403305
1639181091,36.544079,-119.404480
1639181094,36.543926,-119.404678
1639181097,36.543831,-119.404617
1639181100,36.543831,-119.404617
1639181103,36.543831,-119.404617
1639181106,36.543831,-119.404617
1639181109,36.543583,-119.404594
1639181112,36.543903,-119.404587
1639181115,36.543884,-119.404594
1639181118,36.543884,-119.404594
1639181121,36.543884,-119.404594
1639181124,36.543751,-119.404297
1639181127,36.543560,-119.404457
1639181130,36.543362,-119.404312
1639181133,36.543362,-119.404312
1639181136,36.543362,-119.404312
1639181139,36.543343,-119.403580
1639181142,36.543297,-119.403755
1639181145,36.543644,-119.404305
1639181148,36.543644,-119.404305
1639181151,36.543644,-119.404305
1639181154,36.543644,-119.404305
1639181157,36.543690,-119.404892
1639181160,36.543686,-119.404877
1639181161,36.541542,-119.392738
1639181163,36.543751,-119.404793
1639181164,36.541542,-119.392738
1639181166,36.543751,-119.404793
1639181167,36.541542,-119.392738
1639181169,36.543751,-119.404793
1639181170,36.541542,-119.392738
1639181172,36.543751,-119.404793
1639181173,36.541542,-119.392738
1639181175,36.543571,-119.404984
1639181176,36.542397,-119.392159
1639181178,36.543232,-119.404922
1639181179,36.542397,-119.392159
1639181181,36.543243,-119.404953
1639181182,36.541630,-119.392685
1639181184,36.543243,-119.404953
1639181185,36.541630,-119.392685
1639181187,36.543243,-119.404953
1639181188,36.541630,-119.392685
1639181190,36.543713,-119.404556
1639181191,36.541630,-119.392685
1639181193,36.543858,-119.404472
1639181194,36.541630,-119.392685
1639181196,36.543930,-119.404503
1639181197,36.541630,-119.392685
1639181199,36.543930,-119.404503
1639181200,36.541630,-119.392685
1639181202,36.544010,-119.404343
1639181203,36.541630,-119.392685
1639181205,36.543995,-119.404221
1639181206,36.541630,-119.392685
1639181208,36.543976,-119.404282
1639181209,36.541630,-119.392685
1639181211,36.543976,-119.404282
1639181212,36.541630,-119.392685
1639181214,36.544193,-119.404556
1639181215,36.541630,-119.392685
1639181217,36.544193,-119.404610
1639181218,36.543076,-119.394150
1639181220,36.543930,-119.404228
1639181221,36.543198,-119.394249
1639181223,36.543930,-119.404228
1639181224,36.543201,-119.394264
1639181226,36.544014,-119.404320
1639181227,36.543201,-119.394264
1639181229,36.543983,-119.404335
1639181230,36.543201,-119.394264
1639181232,36.543983,-119.404335
1639181233,36.543201,-119.394264
1639181235,36.543571,-119.404022
1639181236,36.543201,-119.394264
1639181238,36.543571,-119.404022
1639181239,36.543251,-119.394333
1639181241,36.543571,-119.404022
1639181242,36.543320,-119.394371
1639181244,36.543571,-119.404022
1639181245,36.543358,-119.394409
1639181247,36.543571,-119.404022
1639181248,36.543358,-119.394409
1639181250,36.543571,-119.404022
1639181251,36.543358,-119.394409
1639181253,36.543571,-119.404022
1639181254,36.543358,-119.394409
1639181256,36.543571,-119.404022
1639181257,36.543358,-119.394409
1639181259,36.543571,-119.404022
1639181260,36.545017,-119.394943
1639181262,36.543571,-119.404022
1639181263,36.545048,-119.394936
1639181265,36.543571,-119.404022
1639181266,36.545048,-119.394936
1639181268,36.543571,-119.404022
1639181269,36.545048,-119.394936
1639181272,36.544090,-119.404640
1639181272,36.545048,-119.394936
1639181274,36.544060,-119.404533
1639181275,36.545048,-119.394936
1639181277,36.544128,-119.404488
1639181278,36.545048,-119.394936
1639181281,36.544128,-119.404488
1639181281,36.545048,-119.394936
1639181283,36.544128,-119.404488
1639181284,36.545048,-119.394936
1639181286,36.544128,-119.404488
1639181287,36.545048,-119.394936
1639181290,36.545048,-119.394936
1639181290,36.544132,-119.404572
1639181293,36.544132,-119.404602
1639181293,36.545048,-119.394936
1639181296,36.544117,-119.404648
1639181296,36.545322,-119.394890
1639181299,36.545368,-119.394928
1639181299,36.544117,-119.404648
1639181302,36.545498,-119.394699
1639181302,36.544117,-119.404648
1639181305,36.545498,-119.394699
1639181305,36.544117,-119.404648
1639181308,36.544991,-119.404137
1639181308,36.545498,-119.394699
1639181311,36.545200,-119.403931
1639181311,36.545498,-119.394699
1639181314,36.547009,-119.395058
1639181314,36.545361,-119.403870
1639181317,36.547230,-119.395126
1639181317,36.545361,-119.403870
1639181320,36.545361,-119.403870
1639181320,36.547745,-119.395264
1639181323,36.547745,-119.395264
1639181323,36.545361,-119.403870
1639181326,36.547745,-119.395264
1639181326,36.545929,-119.403793
1639181329,36.546024,-119.403877
1639181329,36.547745,-119.395264
1639181332,36.549519,-119.395378
1639181332,36.546047,-119.403885
1639181335,36.546047,-119.403885
1639181335,36.549980,-119.395126
1639181338,36.546047,-119.403885
1639181338,36.550400,-119.394974
1639181341,36.550400,-119.394974
1639181341,36.546047,-119.403885
1639181344,36.546040,-119.403992
1639181344,36.550400,-119.394974
1639181347,36.546017,-119.404015
1639181347,36.550400,-119.394974
1639181350,36.546009,-119.403961
1639181350,36.552128,-119.394592
1639181353,36.546009,-119.403961
1639181353,36.552502,-119.394516
1639181356,36.546009,-119.403961
1639181356,36.552856,-119.394569
1639181359,36.552856,-119.394569
1639181359,36.546009,-119.403961
1639181362,36.546093,-119.404167
1639181362,36.552856,-119.394569
1639181365,36.546116,-119.403992
1639181365,36.554054,-119.394867
1639181368,36.554054,-119.394867
1639181368,36.546181,-119.404182
1639181371,36.554054,-119.394867
1639181371,36.546181,-119.404182
1639181374,36.546181,-119.404182
1639181374,36.554218,-119.394958
1639181377,36.546181,-119.404182
1639181377,36.554218,-119.394958
1639181380,36.554218,-119.394958
1639181380,36.546261,-119.405617
1639181383,36.546329,-119.406181
1639181383,36.554218,-119.394958
1639181386,36.554218,-119.394958
1639181386,36.546329,-119.406181
1639181389,36.546139,-119.407730
1639181389,36.554218,-119.394958
1639181392,36.546139,-119.407730
1639181392,36.554218,-119.394958
1639181395,36.554218,-119.394958
1639181395,36.546139,-119.407730
1639181398,36.546177,-119.409546
1639181398,36.554218,-119.394958
1639181401,36.554218,-119.394958
1639181401,36.546177,-119.409546
1639181404,36.554218,-119.394958
1639181404,36.546177,-119.409546
1639181407,36.546177,-119.409546
1639181407,36.554218,-119.394958
1639181410,36.558781,-119.394791
1639181410,36.546177,-119.409546
1639181413,36.559162,-119.395073
1639181413,36.546177,-119.409546
1639181416,36.546177,-119.409546
1639181416,36.559608,-119.394974
1639181419,36.546177,-119.409546
1639181419,36.559608,-119.394974
1639181422,36.559608,-119.394974
1639181422,36.546177,-119.409546
1639181425,36.559608,-119.394974
1639181425,36.546177,-119.409546
1639181428,36.559608,-119.394974
1639181428,36.546177,-119.409546
1639181431,36.546177,-119.409546
1639181431,36.559929,-119.395111
1639181434,36.559963,-119.395164
1639181434,36.545952,-119.412552
1639181437,36.546116,-119.412643
1639181437,36.560089,-119.395187
1639181440,36.546032,-119.412773
1639181440,36.560089,-119.395187
1639181443,36.546032,-119.412773
1639181443,36.560089,-119.395187
1639181446,36.546032,-119.412773
1639181446,36.560089,-119.395187
1639181449,36.560081,-119.395065
1639181449,36.546032,-119.412773
1639181452,36.545795,-119.412247
1639181452,36.559963,-119.394920
1639181455,36.545940,-119.411400
1639181455,36.559937,-119.394890
1639181458,36.559937,-119.394890
1639181458,36.546593,-119.414268
1639181461,36.546593,-119.414268
1639181461,36.559937,-119.394890
1639181464,36.559937,-119.394890
1639181464,36.546593,-119.414268
1639181467,36.546593,-119.414268
1639181467,36.560925,-119.395226
1639181470,36.560925,-119.395226
1639181470,36.547375,-119.412727
1639181473,36.547901,-119.412628
1639181473,36.562485,-119.395500
1639181476,36.548340,-119.412560
1639181476,36.562485,-119.395500
1639181479,36.562485,-119.395500
1639181479,36.548340,-119.412560
1639181482,36.562485,-119.395500
1639181482,36.548340,-119.412560
1639181485,36.562485,-119.395500
1639181485,36.548340,-119.412560
1639181488,36.549343,-119.412468
1639181488,36.562485,-119.395500
1639181491,36.566242,-119.394859
1639181491,36.549496,-119.412384
1639181494,36.549500,-119.412224
1639181494,36.566242,-119.394859
1639181497,36.549500,-119.412224
1639181497,36.566242,-119.394859
1639181500,36.566242,-119.394859
1639181500,36.549500,-119.412224
1639181503,36.549500,-119.412224
1639181503,36.566242,-119.394859
1639181506,36.569077,-119.395096
1639181506,36.549500,-119.412224
1639181509,36.549500,-119.412224
1639181509,36.569523,-119.394775
1639181512,36.569523,-119.394775
1639181512,36.549385,-119.410370
1639181515,36.549393,-119.410355
1639181515,36.570107,-119.395058
1639181518,36.549393,-119.410355
1639181518,36.570107,-119.395058
1639181521,36.549393,-119.410355
1639181522,36.570107,-119.395058
1639181524,36.570107,-119.395058
1639181524,36.549393,-119.410355
1639181527,36.549393,-119.410355
1639181527,36.570107,-119.395058
1639181530,36.570107,-119.395058
1639181530,36.549992,-119.410194
1639181533,36.549992,-119.410194
1639181533,36.570107,-119.395058
1639181536,36.549992,-119.410194
1639181537,36.570107,-119.395058
1639181539,36.549992,-119.410194
1639181540,36.570107,-119.395058
1639181542,36.549992,-119.410194
1639181543,36.575146,-119.394157
1639181545,36.549992,-119.410194
1639181546,36.575092,-119.394775
1639181548,36.549992,-119.410194
1639181549,36.576473,-119.394638
1639181551,36.549992,-119.410194
1639181552,36.576473,-119.394638
1639181554,36.576473,-119.394638
1639181554,36.549992,-119.410194
1639181557,36.550026,-119.407417
1639181558,36.578968,-119.394638
1639181560,36.550026,-119.407417
1639181561,36.578968,-119.394638
1639181563,36.550026,-119.407417
1639181564,36.578968,-119.394638
1639181566,36.550026,-119.407417
1639181567,36.578968,-119.394638
1639181569,36.550026,-119.407417
1639181570,36.578968,-119.394638
1639181572,36.550026,-119.407417
1639181573,36.578968,-119.394638
1639181575,36.550026,-119.407417
1639181576,36.578968,-119.394638
1639181578,36.550026,-119.407417
1639181579,36.578968,-119.394638
1639181581,36.550026,-119.407417
1639181582,36.578968,-119.394638
1639181584,36.550026,-119.407417
1639181585,36.578968,-119.394638
1639181587,36.550026,-119.407417
1639181588,36.578968,-119.394638
1639181590,36.550026,-119.407417
1639181591,36.578968,-119.394638
1639181593,36.549377,-119.405296
1639181594,36.578968,-119.394638
1639181596,36.549324,-119.405090
1639181597,36.578968,-119.394638
1639181599,36.549423,-119.404953
1639181600,36.578968,-119.394638
1639181602,36.549423,-119.404953
1639181603,36.578968,-119.394638
1639181605,36.549423,-119.404953
1639181606,36.578968,-119.394638
1639181608,36.549423,-119.404953
1639181609,36.578968,-119.394638
1639181611,36.549423,-119.404953
1639181612,36.589287,-119.394775
1639181614,36.549187,-119.404312
1639181615,36.589287,-119.394775
1639181617,36.549126,-119.404320
1639181618,36.589287,-119.394775
1639181620,36.549068,-119.404236
1639181621,36.589287,-119.394775
1639181623,36.549068,-119.404236
1639181624,36.589958,-119.394722
1639181626,36.549068,-119.404236
1639181627,36.590046,-119.394684
1639181629,36.549068,-119.404236
1639181630,36.590912,-119.395187
1639181632,36.549068,-119.404236
1639181633,36.590912,-119.395187
1639181635,36.548012,-119.404236
1639181636,36.593121,-119.394989
1639181638,36.547665,-119.404167
1639181639,36.593121,-119.394989
1639181641,36.547665,-119.404167
1639181642,36.593121,-119.394989
1639181644,36.546986,-119.404190
1639181645,36.593121,-119.394989
1639181647,36.546986,-119.404190
1639181648,36.593121,-119.394989
1639181650,36.546986,-119.404190
1639181651,36.593121,-119.394989
1639181653,36.546986,-119.404190
1639181654,36.593121,-119.394989
1639181656,36.546986,-119.404190
1639181657,36.593121,-119.394989
1639181659,36.546986,-119.404190
1639181660,36.593121,-119.394989
1639181662,36.546986,-119.404190
1639181663,36.599354,-119.394928
1639181665,36.546986,-119.404190
1639181666,36.600010,-119.394966
1639181668,36.546276,-119.404167
1639181669,36.600010,-119.394966
1639181671,36.546276,-119.404167
1639181672,36.600010,-119.394966
1639181674,36.546276,-119.404167
1639181675,36.600010,-119.394966
1639181677,36.546276,-119.404167
1639181678,36.600010,-119.394966
1639181680,36.546276,-119.404167
1639181681,36.600010,-119.394966
1639181683,36.546276,-119.404167
1639181684,36.600010,-119.394966
1639181686,36.546276,-119.404167
1639181687,36.600010,-119.394966
1639181689,36.546276,-119.404167
1639181690,36.600010,-119.394966
1639181692,36.546276,-119.404167
1639181693,36.600010,-119.394966
1639181695,36.546276,-119.404167
1639181696,36.600010,-119.394966
1639181698,36.546276,-119.404167
1639181699,36.600010,-119.394966
1639181701,36.546139,-119.400208
1639181702,36.600025,-119.394966
1639181704,36.546112,-119.400169
1639181705,36.600025,-119.394966
1639181707,36.546040,-119.400124
1639181708,36.604523,-119.394196
1639181710,36.546040,-119.400124
1639181711,36.604523,-119.394196
1639181713,36.546040,-119.400124
1639181714,36.604523,-119.394196
1639181716,36.546040,-119.400124
1639181717,36.604523,-119.394196
1639181719,36.546120,-119.399063
1639181720,36.604523,-119.394196
1639181722,36.546108,-119.398750
1639181723,36.603745,-119.394928
1639181725,36.546116,-119.398666
1639181726,36.603745,-119.394928
1639181728,36.546116,-119.398666
1639181729,36.603733,-119.394943
1639181731,36.546116,-119.398666
1639181732,36.603733,-119.394943
1639181734,36.546116,-119.398666
1639181735,36.603733,-119.394943
1639181737,36.546097,-119.398506
1639181738,36.603733,-119.394943
1639181740,36.546124,-119.398323
1639181741,36.603733,-119.394943
1639181743,36.546120,-119.398224
1639181744,36.603733,-119.394943
1639181746,36.546120,-119.398224
1639181747,36.603733,-119.394943
1639181749,36.546120,-119.398224
1639181750,36.603901,-119.395729
1639181752,36.546120,-119.398224
1639181753,36.603901,-119.395729
1639181755,36.546120,-119.398224
1639181756,36.603901,-119.395729
1639181758,36.545746,-119.396790
1639181759,36.603901,-119.395729
1639181761,36.545742,-119.396584
1639181762,36.603901,-119.395729
1639181764,36.545723,-119.396461
1639181765,36.603901,-119.395729
1639181767,36.545723,-119.396461
1639181768,36.604031,-119.399925
1639181770,36.545723,-119.396461
1639181771,36.604031,-119.399925
1639181773,36.545723,-119.396461
1639181774,36.604031,-119.399925
1639181776,36.545452,-119.395012
1639181777,36.604031,-119.399925
1639181779,36.545193,-119.394890
1639181780,36.604031,-119.399925
1639181782,36.545101,-119.394806
1639181783,36.604031,-119.399925
1639181785,36.545101,-119.394806
1639181786,36.604031,-119.399925
1639181788,36.545101,-119.394806
1639181789,36.604031,-119.399925
1639181791,36.545101,-119.394806
1639181792,36.604031,-119.399925
1639181794,36.545044,-119.394844
1639181795,36.604031,-119.399925
1639181797,36.545063,-119.394882
1639181798,36.604031,-119.399925
1639181800,36.545052,-119.394920
1639181801,36.604031,-119.399925
1639181803,36.545052,-119.394920
1639181804,36.604031,-119.399925
1639181806,36.545052,-119.394920
1639181807,36.604126,-119.410027
1639181809,36.545052,-119.394920
1639181810,36.604126,-119.410027
1639181812,36.545082,-119.394989
1639181813,36.604126,-119.410027
1639181815,36.545109,-119.394989
1639181816,36.604126,-119.410027
1639181818,36.545162,-119.394974
1639181819,36.604126,-119.410027
1639181821,36.545162,-119.394974
1639181822,36.604126,-119.410027
1639181824,36.545540,-119.394974
1639181825,36.604126,-119.410027
1639181827,36.545540,-119.394974
1639181828,36.604126,-119.410027
1639181830,36.545540,-119.394974
1639181831,36.604126,-119.410027
1639181833,36.545540,-119.394974
1639181834,36.604126,-119.410027
1639181836,36.545540,-119.394974
1639181837,36.604126,-119.410027
1639181839,36.545540,-119.394974
1639181840,36.604126,-119.410027
1639181842,36.545540,-119.394974
1639181843,36.604126,-119.410027
1639181845,36.545540,-119.394974
1639181846,36.604126,-119.410027
1639181848,36.545540,-119.394974
1639181849,36.604126,-119.410027
1639181851,36.545540,-119.394974
1639181852,36.604126,-119.410027
1639181854,36.545540,-119.394974
1639181855,36.604126,-119.410027
1639181857,36.545540,-119.394974
1639181858,36.604126,-119.410027
1639181860,36.545269,-119.394997
1639181861,36.604126,-119.410027
1639181863,36.545658,-119.394905
1639181864,36.604126,-119.410027
1639181866,36.546047,-119.394951
1639181867,36.604126,-119.410027
1639181869,36.546047,-119.394951
1639181870,36.604126,-119.410027
1639181872,36.546047,-119.394951
1639181873,36.604126,-119.410027
1639181875,36.546047,-119.394951
1639181876,36.604126,-119.410027
1639181878,36.547115,-119.395027
1639181879,36.604126,-119.410027
1639181881,36.547470,-119.395065
1639181882,36.604126,-119.410027
1639181884,36.547859,-119.395203
1639181885,36.604126,-119.410027
1639181887,36.547859,-119.395203
1639181888,36.602726,-119.427956
1639181890,36.547859,-119.395203
1639181891,36.603600,-119.429008
1639181893,36.547859,-119.395203
1639181894,36.603600,-119.429008
1639181896,36.547859,-119.395203
1639181897,36.603600,-119.429008
1639181899,36.547859,-119.395203
1639181900,36.603600,-119.429008
1639181902,36.547859,-119.395203
1639181903,36.603600,-119.429008
1639181905,36.547859,-119.395203
1639181906,36.603630,-119.429184
1639181908,36.547859,-119.395203
1639181909,36.604202,-119.431419
1639181911,36.551590,-119.394653
1639181912,36.604202,-119.431419
1639181914,36.551590,-119.394653
1639181915,36.604202,-119.431419
1639181917,36.551590,-119.394653
1639181918,36.604256,-119.431870
1639181920,36.551590,-119.394653
1639181921,36.603642,-119.431679
1639181923,36.551590,-119.394653
1639181924,36.603409,-119.431595
1639181926,36.551590,-119.394653
1639181927,36.603409,-119.431595
1639181929,36.551590,-119.394653
1639181930,36.603409,-119.431595
1639181932,36.551590,-119.394653
1639181933,36.603409,-119.431595
1639181935,36.551590,-119.394653
1639181936,36.603222,-119.431610
1639181938,36.552395,-119.395020
1639181939,36.603199,-119.431541
1639181941,36.552395,-119.395020
1639181942,36.603264,-119.431610
1639181944,36.552395,-119.395020
1639181945,36.603264,-119.431610
1639181947,36.552395,-119.395020
1639181948,36.603264,-119.431610
1639181950,36.552395,-119.395020
1639181951,36.603264,-119.431610
1639181953,36.552395,-119.395020
1639181954,36.604164,-119.432121
1639181956,36.552395,-119.395020
1639181957,36.604256,-119.432175
1639181959,36.552395,-119.395020
1639181960,36.604351,-119.432259
1639181962,36.552395,-119.395020
1639181963,36.604351,-119.432259
1639181965,36.552395,-119.395020
1639181966,36.604351,-119.432259
1639181968,36.555309,-119.394829
1639181969,36.604351,-119.432259
1639181971,36.555309,-119.394829
1639181972,36.604134,-119.431892
1639181974,36.555309,-119.394829
1639181975,36.603935,-119.431648
1639181977,36.555309,-119.394829
1639181978,36.603905,-119.431519
1639181980,36.555309,-119.394829
1639181981,36.603905,-119.431519
1639181983,36.555309,-119.394829
1639181984,36.603905,-119.431519
1639181986,36.555309,-119.394829
1639181987,36.603905,-119.431519
1639181989,36.556614,-119.395058
1639181990,36.603889,-119.431412
1639181992,36.556614,-119.395058
1639181993,36.603977,-119.431587
1639181995,36.556614,-119.395058
1639181996,36.603970,-119.431572
1639181998,36.556614,-119.395058
1639181999,36.603970,-119.431572
1639182001,36.556614,-119.395058
1639182002,36.603970,-119.431572
1639182004,36.556614,-119.395058
1639182005,36.603970,-119.431572
1639182007,36.556614,-119.395058
1639182008,36.604134,-119.431931
1639182010,36.556614,-119.395058
1639182011,36.604019,-119.431664
1639182013,36.556614,-119.395058
1639182014,36.604107,-119.431877
1639182016,36.556614,-119.395058
1639182017,36.604107,-119.431877
1639182019,36.556614,-119.395058
1639182020,36.604248,-119.432137
1639182022,36.556614,-119.395058
1639182023,36.603992,-119.431648
1639182025,36.556431,-119.390678
1639182026,36.604069,-119.431808
1639182028,36.556248,-119.390877
1639182029,36.604069,-119.431808
1639182031,36.556091,-119.390640
1639182032,36.604069,-119.431808
1639182034,36.556091,-119.390640
1639182035,36.603859,-119.431564
1639182037,36.555370,-119.390625
1639182038,36.603825,-119.431694
1639182040,36.555370,-119.390625
1639182041,36.604141,-119.432167
1639182043,36.555370,-119.390625
1639182044,36.604141,-119.432167
1639182046,36.554489,-119.390617
1639182047,36.604328,-119.433350
1639182049,36.554489,-119.390617
1639182050,36.604244,-119.434250
1639182052,36.554489,-119.390617
1639182053,36.604286,-119.434517
1639182055,36.554489,-119.390617
1639182056,36.604286,-119.434517
1639182058,36.554489,-119.390617
1639182059,36.604256,-119.435181
1639182061,36.553337,-119.390656
1639182062,36.604290,-119.435417
1639182064,36.553337,-119.390656
1639182065,36.604374,-119.435936
1639182067,36.553337,-119.390656
1639182068,36.604374,-119.435936
1639182070,36.553337,-119.390656
1639182071,36.604389,-119.436905
1639182073,36.553337,-119.390656
1639182074,36.604301,-119.438080
1639182076,36.553337,-119.390656
1639182077,36.604355,-119.438423
1639182079,36.553112,-119.390663
1639182080,36.604355,-119.438423
1639182082,36.553112,-119.390663
1639182083,36.604355,-119.438423
1639182085,36.553112,-119.390663
1639182086,36.604214,-119.439926
1639182088,36.553112,-119.390663
1639182089,36.604122,-119.440056
1639182091,36.553112,-119.390663
1639182092,36.604111,-119.440399
1639182094,36.553112,-119.390663
1639182095,36.604111,-119.440399
1639182097,36.553112,-119.390663
1639182098,36.604233,-119.441216
1639182100,36.553112,-119.390663
1639182101,36.604271,-119.441231
1639182103,36.553112,-119.390663
1639182104,36.604370,-119.442238
1639182106,36.553112,-119.390663
1639182107,36.604370,-119.442238
1639182109,36.553112,-119.390663
1639182110,36.604267,-119.443176
1639182112,36.553112,-119.390663
1639182113,36.604179,-119.443512
1639182115,36.553150,-119.394402
1639182116,36.604198,-119.444000
1639182118,36.553150,-119.394402
1639182119,36.604198,-119.444000
1639182121,36.553150,-119.394402
1639182122,36.604198,-119.444000
1639182124,36.553162,-119.394684
1639182125,36.604198,-119.444000
1639182127,36.553162,-119.394684
1639182128,36.604137,-119.445992
1639182130,36.553162,-119.394684
1639182131,36.604137,-119.445992
1639182133,36.553162,-119.394684
1639182134,36.604137,-119.445992
1639182136,36.553162,-119.394684
1639182137,36.604137,-119.445992
1639182139,36.553162,-119.394684
1639182140,36.604137,-119.445992
1639182143,36.604137,-119.445992
1639182143,36.553162,-119.394684
1639182146,36.553162,-119.394684
1639182146,36.604137,-119.445992
1639182149,36.604137,-119.445992
1639182149,36.553162,-119.394684
1639182152,36.604137,-119.445992
1639182152,36.553162,-119.394684
1639182155,36.604137,-119.445992
1639182155,36.552280,-119.395348
1639182158,36.604137,-119.445992
1639182158,36.552277,-119.395363
1639182161,36.552277,-119.395363
1639182161,36.604137,-119.445992
1639182164,36.605198,-119.448547
1639182164,36.552277,-119.395363
1639182167,36.552277,-119.395363
1639182167,36.605301,-119.448639
1639182170,36.605892,-119.448685
1639182170,36.552422,-119.396767
1639182173,36.605892,-119.448685
1639182173,36.552422,-119.396767
1639182176,36.552422,-119.396767
1639182176,36.605892,-119.448685
1639182179,36.552422,-119.396767
1639182179,36.605892,-119.448685
1639182182,36.552422,-119.396767
1639182182,36.605892,-119.448685
1639182185,36.607746,-119.448685
1639182185,36.552422,-119.396767
1639182188,36.552422,-119.396767
1639182188,36.607727,-119.448723
1639182191,36.607754,-119.448761
1639182191,36.552422,-119.396767
1639182194,36.607754,-119.448761
1639182194,36.552422,-119.396767
1639182197,36.552422,-119.396767
1639182197,36.607754,-119.448761
1639182200,36.552422,-119.396767
1639182200,36.607754,-119.448761
1639182203,36.552422,-119.396767
1639182203,36.608688,-119.448639
1639182206,36.609173,-119.448631
1639182206,36.553413,-119.399597
1639182209,36.609375,-119.448784
1639182209,36.553139,-119.400047
1639182212,36.609375,-119.448784
1639182212,36.553230,-119.400078
1639182215,36.609375,-119.448784
1639182215,36.553230,-119.400078
1639182218,36.553230,-119.400078
1639182218,36.609375,-119.448784
1639182221,36.553230,-119.400078
1639182221,36.609467,-119.449867
1639182224,36.609539,-119.450104
1639182224,36.553185,-119.402359
1639182227,36.553188,-119.402412
1639182227,36.609615,-119.450562
1639182230,36.609615,-119.450562
1639182230,36.553200,-119.402855
1639182233,36.553200,-119.402855
1639182233,36.609615,-119.450562
1639182236,36.553200,-119.403831
1639182236,36.609615,-119.450562
1639182239,36.609615,-119.450562
1639182239,36.553200,-119.403831
1639182242,36.553200,-119.403831
1639182242,36.609184,-119.451477
1639182245,36.608509,-119.450829
1639182245,36.553200,-119.403831
1639182248,36.553200,-119.403831
1639182248,36.608372,-119.450851
1639182251,36.608372,-119.450851
1639182251,36.553200,-119.403831
1639182254,36.608372,-119.450851
1639182254,36.553200,-119.403831
1639182257,36.553200,-119.403831
1639182257,36.608372,-119.450851
1639182260,36.608372,-119.450851
1639182260,36.553200,-119.403831
1639182263,36.553200,-119.403831
1639182263,36.607880,-119.450607
1639182266,36.607841,-119.450508
1639182266,36.553200,-119.403831
1639182269,36.556705,-119.403908
1639182269,36.607666,-119.450073
1639182272,36.556561,-119.403625
1639182272,36.607666,-119.450073
1639182275,36.556721,-119.403793
1639182275,36.607666,-119.450073
1639182278,36.607666,-119.450073
1639182278,36.556721,-119.403793
1639182281,36.607685,-119.448883
1639182281,36.556721,-119.403793
1639182284,36.556721,-119.403793
1639182284,36.607712,-119.448723
1639182287,36.557453,-119.402206
1639182287,36.607719,-119.448532
1639182290,36.607719,-119.448532
1639182290,36.557453,-119.402206
1639182293,36.607719,-119.448532
1639182293,36.558525,-119.404305
1639182296,36.558525,-119.404305
1639182296,36.607719,-119.448532
1639182299,36.558525,-119.404305
1639182299,36.606281,-119.448715
1639182302,36.559669,-119.404327
1639182302,36.605846,-119.448883
1639182305,36.559669,-119.404327
1639182305,36.605251,-119.448685
1639182308,36.605251,-119.448685
1639182308,36.559669,-119.404327
1639182311,36.559669,-119.404327
1639182312,36.605251,-119.448685
1639182314,36.559669,-119.404327
1639182314,36.605251,-119.448685
1639182317,36.559669,-119.404327
1639182318,36.605251,-119.448685
1639182320,36.559669,-119.404327
1639182320,36.604275,-119.448769
1639182323,36.559669,-119.404327
1639182323,36.604073,-119.448746
1639182326,36.559669,-119.404327
1639182327,36.604103,-119.449028
1639182329,36.559669,-119.404327
1639182330,36.604103,-119.449028
1639182332,36.559669,-119.404327
1639182333,36.604103,-119.449028
1639182335,36.559669,-119.404327
1639182336,36.604408,-119.450470
1639182338,36.560638,-119.402412
1639182339,36.604519,-119.451019
1639182341,36.560749,-119.402214
1639182342,36.604465,-119.451744
1639182344,36.560581,-119.401924
1639182345,36.604465,-119.451744
1639182347,36.560581,-119.401924
1639182348,36.604465,-119.451744
1639182350,36.560581,-119.401924
1639182351,36.604465,-119.451744
1639182353,36.560581,-119.401924
1639182354,36.604362,-119.453880
1639182356,36.560326,-119.400597
1639182357,36.604362,-119.453880
1639182359,36.560280,-119.399872
1639182360,36.604382,-119.455208
1639182362,36.560181,-119.399559
1639182363,36.604382,-119.455208
1639182365,36.560181,-119.399559
1639182366,36.604382,-119.455208
1639182368,36.560181,-119.399559
1639182369,36.604382,-119.455208
1639182371,36.560181,-119.399559
1639182372,36.604382,-119.455208
1639182374,36.559151,-119.399620
1639182375,36.604382,-119.455208
1639182377,36.558929,-119.399689
1639182378,36.604382,-119.455208
1639182380,36.558388,-119.399773
1639182381,36.604382,-119.455208
1639182383,36.558388,-119.399773
1639182384,36.604382,-119.455208
1639182386,36.558388,-119.399773
1639182387,36.604382,-119.455208
1639182389,36.558388,-119.399773
1639182390,36.604382,-119.455208
1639182392,36.557430,-119.399864
1639182393,36.604382,-119.455208
1639182395,36.557247,-119.399895
1639182396,36.604050,-119.457077
1639182398,36.556816,-119.399902
1639182399,36.603931,-119.457329
1639182401,36.556816,-119.399902
1639182402,36.603985,-119.457291
1639182404,36.556816,-119.399902
1639182405,36.603985,-119.457291
1639182407,36.556816,-119.399902
1639182408,36.603985,-119.457291
1639182410,36.555588,-119.399803
1639182411,36.603985,-119.457291
1639182413,36.555294,-119.399750
1639182414,36.603893,-119.457306
1639182416,36.555080,-119.399734
1639182417,36.604092,-119.457176
1639182419,36.555080,-119.399734
1639182420,36.604092,-119.457108
1639182422,36.555080,-119.399734
1639182423,36.604092,-119.457108
1639182425,36.555080,-119.399734
1639182426,36.604092,-119.457108
1639182428,36.554947,-119.399742
1639182429,36.604092,-119.457108
1639182431,36.554863,-119.399681
1639182432,36.604034,-119.457016
1639182434,36.554379,-119.399391
1639182435,36.603985,-119.457039
1639182437,36.554379,-119.399391
1639182438,36.603935,-119.457176
1639182440,36.554379,-119.399391
1639182441,36.603935,-119.457176
1639182443,36.554379,-119.399391
1639182444,36.603935,-119.457176
1639182446,36.553520,-119.399696
1639182447,36.603935,-119.457176
1639182449,36.553421,-119.399734
1639182450,36.604935,-119.457581
1639182452,36.553326,-119.399742
1639182453,36.605286,-119.457642
1639182455,36.553326,-119.399742
1639182456,36.605698,-119.457649
1639182458,36.553326,-119.399742
1639182459,36.605698,-119.457649
1639182461,36.553326,-119.399742
1639182462,36.605698,-119.457649
1639182464,36.552315,-119.398796
1639182465,36.605698,-119.457649
1639182467,36.553074,-119.398201
1639182468,36.605698,-119.457649
1639182470,36.553104,-119.397987
1639182471,36.607018,-119.458870
1639182473,36.553104,-119.397987
1639182474,36.606804,-119.458221
1639182476,36.553104,-119.397987
1639182477,36.606640,-119.458626
1639182479,36.553104,-119.397987
1639182480,36.606640,-119.458626
1639182482,36.550385,-119.396919
1639182483,36.606640,-119.458626
1639182485,36.550388,-119.397156
1639182486,36.606640,-119.458626
1639182488,36.550465,-119.397308
1639182489,36.606018,-119.458588
1639182491,36.550465,-119.397308
1639182492,36.605812,-119.458572
1639182494,36.550465,-119.397308
1639182495,36.605652,-119.458656
1639182497,36.550465,-119.397308
1639182498,36.605652,-119.458656
1639182500,36.551605,-119.394745
1639182501,36.605652,-119.458656
1639182503,36.551586,-119.394783
1639182504,36.605652,-119.458656
1639182506,36.550701,-119.398094
1639182507,36.605431,-119.458832
1639182509,36.550701,-119.398094
1639182510,36.605408,-119.458893
1639182512,36.551502,-119.394638
1639182513,36.605400,-119.458923
1639182515,36.551464,-119.394737
1639182516,36.605400,-119.458923
1639182518,36.551266,-119.394928
1639182519,36.605415,-119.458946
1639182521,36.551266,-119.394928
1639182522,36.605415,-119.458946
1639182524,36.551266,-119.394928
1639182525,36.605415,-119.458946
1639182527,36.549904,-119.395332
1639182528,36.605415,-119.458946
1639182530,36.549828,-119.395332
1639182531,36.605415,-119.458946
1639182533,36.549828,-119.395332
1639182534,36.605415,-119.458946
1639182536,36.549828,-119.395332
1639182537,36.605415,-119.458946
1639182539,36.549828,-119.395332
1639182540,36.605415,-119.458946
1639182542,36.549828,-119.395332
1639182543,36.605415,-119.458946
1639182545,36.549828,-119.395332
1639182546,36.605415,-119.458946
1639182548,36.549828,-119.395332
1639182549,36.605728,-119.458458
1639182551,36.549828,-119.395332
1639182552,36.605728,-119.458458
1639182554,36.549828,-119.395332
1639182555,36.605728,-119.458458
1639182557,36.549828,-119.395332
1639182558,36.605728,-119.458458
1639182560,36.545395,-119.395050
1639182561,36.605728,-119.458458
1639182563,36.545128,-119.395012
1639182564,36.605728,-119.458458
1639182566,36.545097,-119.394974
1639182567,36.605728,-119.458458
1639182569,36.545097,-119.394974
1639182570,36.605728,-119.458458
1639182572,36.545097,-119.394974
1639182573,36.605728,-119.458458
1639182575,36.545097,-119.394974
1639182576,36.605728,-119.458458
1639182578,36.545097,-119.394974
1639182579,36.605728,-119.458473
1639182581,36.544430,-119.394173
1639182582,36.605728,-119.458473
1639182584,36.544048,-119.394043
1639182585,36.605728,-119.458473
1639182587,36.543922,-119.393990
1639182588,36.605728,-119.458473
1639182590,36.543922,-119.393990
1639182591,36.605728,-119.458473
1639182593,36.543922,-119.393990
1639182594,36.605728,-119.458473
1639182596,36.543922,-119.393990
1639182597,36.605728,-119.458473
1639182599,36.543922,-119.393990
1639182600,36.605728,-119.458473
1639182602,36.542545,-119.392166
1639182603,36.605728,-119.458473
1639182605,36.542530,-119.392006
1639182606,36.605728,-119.458473
1639182608,36.542450,-119.391884
1639182609,36.605728,-119.458473
1639182611,36.542450,-119.391884
1639182612,36.605728,-119.458473
1639182614,36.542450,-119.391884
1639182615,36.605450,-119.458923
1639182617,36.542450,-119.391884
1639182618,36.605553,-119.458855
1639182620,36.541859,-119.391541
1639182621,36.605499,-119.458893
1639182623,36.541756,-119.391495
1639182624,36.605499,-119.458893
1639182626,36.541744,-119.391510
1639182627,36.605782,-119.458458
1639182629,36.541744,-119.391510
1639182630,36.605782,-119.458458
1639182632,36.541744,-119.391510
1639182633,36.605782,-119.458458
1639182635,36.541744,-119.391510
1639182636,36.605782,-119.458458
1639182638,36.541744,-119.391510
1639182639,36.605782,-119.458458
1639182641,36.541744,-119.391510
1639182642,36.605782,-119.458458
1639182644,36.541859,-119.391769
1639182645,36.605782,-119.458458
1639182647,36.541836,-119.391685
1639182648,36.605782,-119.458458
1639182650,36.541836,-119.391685
1639182651,36.605782,-119.458458
1639182653,36.541836,-119.391685
1639182654,36.605782,-119.458458
1639182656,36.541836,-119.391685
1639182657,36.605782,-119.458458
1639182659,36.541836,-119.391685
1639182660,36.605782,-119.458458
1639182662,36.541836,-119.391685
1639182663,36.605816,-119.458115
1639182665,36.541836,-119.391685
1639182666,36.605701,-119.457809
1639182668,36.542095,-119.392876
1639182669,36.605721,-119.457642
1639182671,36.542168,-119.393112
1639182672,36.605721,-119.457642
1639182674,36.542206,-119.393143
1639182675,36.605721,-119.457642
1639182677,36.542206,-119.393143
1639182678,36.605721,-119.457642
1639182680,36.542206,-119.393143
1639182681,36.605686,-119.457603
1639182684,36.605705,-119.457588
1639182687,36.605701,-119.457573
1639182690,36.605701,-119.457573
1639182693,36.605701,-119.457573
1639182696,36.605152,-119.457657
1639182699,36.605095,-119.457718
1639182702,36.605007,-119.457710
1639182705,36.605007,-119.457710
1639182708,36.605007,-119.457710
1639182711,36.605007,-119.457710
1639182714,36.603867,-119.457626
1639182717,36.603714,-119.457634
1639182720,36.603691,-119.457596
1639182723,36.603691,-119.457596
1639182726,36.603691,-119.457596
1639182729,36.603691,-119.457596
1639182732,36.603691,-119.457596
1639182735,36.602528,-119.458450
1639182738,36.601650,-119.458015
1639182741,36.601467,-119.457893
1639182744,36.601467,-119.457893
1639182747,36.601467,-119.457893
1639182750,36.601467,-119.457893
1639182753,36.601467,-119.457893
1639182756,36.601219,-119.456543
1639182759,36.601074,-119.456482
1639182762,36.600948,-119.456459
1639182765,36.600948,-119.456459
1639182768,36.600948,-119.456459
1639182771,36.600948,-119.456459
1639182774,36.600853,-119.456451
1639182777,36.600853,-119.456451
1639182780,36.600853,-119.456451
1639182783,36.600853,-119.456451
1639182786,36.600788,-119.456444
1639182789,36.600788,-119.456444
1639182792,36.600788,-119.456444
1639182795,36.600788,-119.456444
1639182798,36.600788,-119.456444
1639182801,36.600788,-119.456444
1639182804,36.600788,-119.456444
1639182807,36.601337,-119.457954
1639182810,36.600552,-119.459236
1639182813,36.600552,-119.459236
1639182816,36.600552,-119.459236
1639182819,36.600552,-119.459236
1639182822,36.598576,-119.457260
1639182825,36.598572,-119.458153
1639182828,36.598572,-119.458153
1639182831,36.598572,-119.458153
1639182834,36.598572,-119.458153
1639182837,36.596867,-119.457932
1639182840,36.596867,-119.457932
1639182843,36.596306,-119.457809
1639182846,36.596306,-119.457809
1639182849,36.596306,-119.457809
1639182852,36.596306,-119.457809
1639182855,36.596306,-119.457809
1639182858,36.596306,-119.457809
1639182861,36.596306,-119.457809
1639182864,36.596306,-119.457809
1639182867,36.596306,-119.457809
1639182870,36.596306,-119.457809
1639182873,36.596306,-119.457809
1639182876,36.596306,-119.457809
1639182879,36.592167,-119.457535
1639182882,36.592167,-119.457535
1639182885,36.592201,-119.457458
1639182888,36.591358,-119.457649
1639182891,36.591358,-119.457649
1639182894,36.591358,-119.457649
1639182897,36.590195,-119.457634
1639182900,36.590195,-119.457634
1639182903,36.590195,-119.457634
1639182906,36.590195,-119.457634
1639182909,36.590195,-119.457634
1639182912,36.590195,-119.457634
1639182915,36.590195,-119.457634
1639182918,36.586800,-119.457680
1639182921,36.586800,-119.457680
1639182924,36.586800,-119.457680
1639182927,36.586800,-119.457680
1639182930,36.584946,-119.457787
1639182933,36.584946,-119.457787
1639182936,36.584946,-119.457787
1639182939,36.584339,-119.457779
1639182942,36.584339,-119.457779
1639182945,36.584339,-119.457779
1639182948,36.584339,-119.457779
1639182951,36.583797,-119.457771
1639182954,36.583797,-119.457771
1639182957,36.583797,-119.457771
1639182960,36.583797,-119.457771
1639182963,36.583797,-119.457771
1639182966,36.583797,-119.457771
1639182969,36.583797,-119.457771
1639182972,36.583797,-119.457771
1639182975,36.583797,-119.457771
1639182978,36.583797,-119.457771
1639182981,36.583797,-119.457771
1639182984,36.583797,-119.457771
1639182987,36.580627,-119.456619
1639182990,36.580612,-119.456245
1639182993,36.580677,-119.456116
1639182996,36.580677,-119.456116
1639182999,36.580677,-119.456116
1639183002,36.580677,-119.456116
1639183005,36.580761,-119.455994
1639183008,36.580780,-119.455986
1639183011,36.580780,-119.455986
1639183014,36.580635,-119.455811
1639183017,36.580635,-119.455811
1639183020,36.580635,-119.455811
1639183023,36.580627,-119.455849
1639183026,36.580627,-119.455849
1639183029,36.580627,-119.455849
1639183032,36.580627,-119.455849
1639183035,36.580627,-119.455849
1639183038,36.580627,-119.455849
1639183041,36.580627,-119.455902
1639183044,36.580627,-119.455902
1639183047,36.580627,-119.455902
1639183050,36.580627,-119.455902
1639183053,36.580627,-119.455902
1639183056,36.580627,-119.455902
1639183059,36.580627,-119.455902
1639183062,36.580627,-119.455902
1639183065,36.580627,-119.455902
1639183068,36.580627,-119.455902
1639183071,36.580627,-119.455902
1639183074,36.580627,-119.455902
1639183077,36.580536,-119.454956
1639183080,36.580570,-119.454620
1639183083,36.580593,-119.454269
1639183086,36.580593,-119.454269
1639183089,36.580593,-119.454269
1639183092,36.580593,-119.454269
1639183095,36.580593,-119.454269
1639183098,36.580658,-119.452843
1639183101,36.580639,-119.452942
1639183104,36.580761,-119.452721
1639183108,36.580761,-119.452721
1639183111,36.580761,-119.452721
1639183114,36.580761,-119.452721
1639183117,36.580761,-119.452721
1639183120,36.580669,-119.451126
1639183123,36.580738,-119.451172
1639183126,36.580734,-119.451111
1639183129,36.580734,-119.451111
1639183132,36.580734,-119.451111
1639183135,36.580734,-119.451111
1639183138,36.580734,-119.451111
1639183141,36.580589,-119.449394
1639183144,36.580696,-119.449287
1639183147,36.580730,-119.449280
1639183150,36.580730,-119.449280
1639183153,36.580730,-119.449280
1639183156,36.580730,-119.449280
1639183159,36.581249,-119.448715
1639183162,36.581619,-119.448494
1639183165,36.581841,-119.448471
1639183168,36.581841,-119.448471
1639183171,36.581841,-119.448471
1639183174,36.581841,-119.448471
1639183177,36.581841,-119.448471
1639183180,36.584770,-119.449127
1639183183,36.584694,-119.449005
1639183186,36.584480,-119.448799
1639183189,36.584480,-119.448799
1639183192,36.584480,-119.448799
1639183195,36.584480,-119.448799
1639183198,36.584812,-119.448738
1639183201,36.585163,-119.449051
1639183204,36.585403,-119.449043
1639183207,36.585403,-119.449043
1639183210,36.585403,-119.449043
1639183213,36.585403,-119.449043
1639183216,36.587597,-119.448677
1639183219,36.587597,-119.448677
1639183222,36.587597,-119.448677
1639183225,36.588753,-119.448601
1639183228,36.588753,-119.448601
1639183231,36.588753,-119.448601
1639183234,36.589573,-119.448563
1639183237,36.589573,-119.448563
1639183240,36.589573,-119.448563
1639183243,36.589573,-119.448563
1639183246,36.589573,-119.448563
1639183249,36.589573,-119.448563
1639183252,36.589573,-119.448563
1639183255,36.589573,-119.448563
1639183258,36.589573,-119.448563
1639183261,36.589573,-119.448563
1639183264,36.589737,-119.446609
1639183267,36.589737,-119.446609
1639183270,36.589737,-119.446609
1639183273,36.589737,-119.446609
1639183276,36.589737,-119.446609
1639183279,36.589737,-119.446609
1639183282,36.589737,-119.446609
1639183285,36.589737,-119.446609
1639183288,36.589737,-119.446609
1639183291,36.589737,-119.446609
1639183294,36.589737,-119.446609
1639183297,36.589737,-119.446609
1639183300,36.589798,-119.444122
1639183303,36.589783,-119.444153
1639183306,36.589733,-119.444199
1639183309,36.589733,-119.444199
1639183312,36.589733,-119.444199
1639183315,36.589733,-119.444199
1639183318,36.589733,-119.444199
1639183321,36.590645,-119.443901
1639183324,36.590740,-119.443840
1639183327,36.590775,-119.443619
1639183330,36.590775,-119.443619
1639183333,36.590775,-119.443619
1639183336,36.590775,-119.443619
1639183339,36.590588,-119.442116
1639183342,36.590645,-119.441505
1639183345,36.590687,-119.441299
1639183348,36.590687,-119.441299
1639183351,36.590687,-119.441299
1639183354,36.590687,-119.441299
1639183357,36.590687,-119.441299
1639183360,36.590591,-119.439598
1639183363,36.590591,-119.439598
1639183366,36.590134,-119.439781
1639183369,36.590134,-119.439781
1639183372,36.590134,-119.439781
1639183375,36.590134,-119.439781
1639183378,36.590134,-119.439781
1639183381,36.590134,-119.439781
1639183384,36.589848,-119.439842
1639183387,36.589848,-119.439842
1639183390,36.589848,-119.439842
1639183393,36.589848,-119.439842
1639183396,36.589848,-119.439842
1639183399,36.589848,-119.439842
1639183402,36.589848,-119.439842
1639183405,36.589848,-119.439842
1639183408,36.589848,-119.439842
1639183411,36.589848,-119.439842
1639183414,36.589848,-119.439842
1639183417,36.589848,-119.439842
1639183420,36.589844,-119.442078
1639183423,36.589882,-119.442085
1639183426,36.589905,-119.442230
1639183429,36.589905,-119.442230
1639183432,36.589840,-119.442986
1639183435,36.589840,-119.442986
1639183438,36.589840,-119.442986
1639183441,36.589840,-119.442986
1639183444,36.589840,-119.442986
1639183447,36.589840,-119.442986
1639183450,36.589840,-119.442986
1639183453,36.589840,-119.442986
1639183456,36.589840,-119.442986
1639183459,36.589840,-119.442986
1639183462,36.589840,-119.442986
1639183465,36.589840,-119.442986
1639183468,36.590252,-119.445457
1639183471,36.590252,-119.445457
1639183474,36.590252,-119.445457
1639183477,36.590252,-119.445457
1639183480,36.589787,-119.448341
1639183483,36.589344,-119.447670
1639183486,36.589405,-119.447746
1639183489,36.589405,-119.447746
1639183492,36.589405,-119.447746
1639183495,36.589405,-119.447746
1639183498,36.589741,-119.448257
1639183501,36.589806,-119.448357
1639183504,36.589844,-119.448395
1639183507,36.589844,-119.448395
1639183510,36.589844,-119.448395
1639183513,36.589203,-119.448761
1639183516,36.589203,-119.448761
1639183519,36.589203,-119.448761
1639183522,36.589203,-119.448761
1639183525,36.589203,-119.448761
1639183528,36.589203,-119.448761
1639183531,36.589203,-119.448761
1639183534,36.589203,-119.448761
1639183537,36.589203,-119.448761
1639183540,36.589203,-119.448761
1639183543,36.589203,-119.448761
1639183546,36.589203,-119.448761
1639183549,36.589203,-119.448761
1639183552,36.584412,-119.448753
1639183555,36.584385,-119.448753
1639183558,36.584385,-119.448753
1639183561,36.584385,-119.448753
1639183564,36.584385,-119.448753
1639183567,36.584385,-119.448753
1639183570,36.584385,-119.448753
1639183573,36.584385,-119.448753
1639183576,36.584385,-119.448753
1639183579,36.584385,-119.448753
1639183582,36.584385,-119.448753
1639183585,36.581593,-119.448692
1639183588,36.580830,-119.449188
1639183591,36.580647,-119.449265
1639183594,36.580647,-119.449265
1639183597,36.580647,-119.449265
1639183600,36.579552,-119.449356
1639183603,36.579094,-119.449379
1639183606,36.579094,-119.449379
1639183609,36.579094,-119.449379
1639183612,36.575821,-119.448868
1639183615,36.575821,-119.448868
1639183618,36.575821,-119.448868
1639183621,36.575821,-119.448868
1639183624,36.575821,-119.448868
1639183627,36.572685,-119.448875
1639183630,36.572685,-119.448875
1639183633,36.572685,-119.448875
1639183636,36.572685,-119.448875
1639183639,36.572685,-119.448875
1639183642,36.572685,-119.448875
1639183645,36.572685,-119.448875
1639183648,36.572685,-119.448875
1639183651,36.572685,-119.448875
1639183654,36.572685,-119.448875
1639183657,36.572685,-119.448875
1639183660,36.572685,-119.448875
1639183663,36.572685,-119.448875
1639183666,36.572685,-119.448875
1639183669,36.572685,-119.448875
1639183672,36.572685,-119.448875
1639183675,36.561268,-119.449005
1639183678,36.561272,-119.448997
1639183681,36.561100,-119.448860
1639183684,36.561100,-119.448860
1639183687,36.561100,-119.448860
1639183690,36.561100,-119.448860
1639183693,36.561100,-119.448860
1639183696,36.561100,-119.448860
1639183699,36.561100,-119.448860
1639183702,36.561100,-119.448860
1639183705,36.561100,-119.448860
1639183708,36.554466,-119.449333
1639183711,36.554466,-119.449333
1639183714,36.554466,-119.449333
1639183717,36.551910,-119.448715
1639183720,36.551910,-119.448715
1639183723,36.551910,-119.448715
1639183726,36.551910,-119.448715
1639183729,36.551910,-119.448715
1639183732,36.551910,-119.448715
1639183735,36.551910,-119.448715
1639183738,36.551910,-119.448715
1639183741,36.551910,-119.448715
1639183744,36.551910,-119.448715
1639183747,36.551910,-119.448715
1639183750,36.551910,-119.448715
1639183753,36.551910,-119.448715
1639183756,36.545952,-119.448822
1639183759,36.545952,-119.448822
1639183762,36.545952,-119.448822
1639183765,36.545952,-119.448822
1639183768,36.545952,-119.448822
1639183771,36.545952,-119.448822
1639183774,36.545952,-119.448822
1639183777,36.545948,-119.448830
1639183780,36.545948,-119.448830
1639183783,36.545948,-119.448830
1639183786,36.545948,-119.448830
1639183789,36.545948,-119.448830
1639183792,36.545948,-119.448830
1639183795,36.545948,-119.448830
1639183798,36.545948,-119.448830
1639183801,36.545948,-119.448830
1639183804,36.545948,-119.448830
1639183807,36.545948,-119.448830
1639183810,36.545948,-119.448830
1639183813,36.545948,-119.448830
1639183816,36.545948,-119.448830
1639183819,36.545952,-119.448830
1639183822,36.545952,-119.448830
1639183825,36.545952,-119.448830
1639183828,36.545952,-119.448830
1639183831,36.545952,-119.448822
1639183834,36.545952,-119.448822
1639183837,36.545952,-119.448822
1639183840,36.545952,-119.448822
1639183843,36.545952,-119.448822
1639183846,36.545952,-119.448822
1639183849,36.545952,-119.448822
1639183852,36.545952,-119.448822
1639183855,36.545952,-119.448822
1639183858,36.545952,-119.448822
1639183861,36.545952,-119.448822
1639183864,36.545952,-119.448822
1639183867,36.545952,-119.448822
1639183870,36.545544,-119.439034
1639183873,36.545544,-119.439034
1639183876,36.545544,-119.439034
1639183879,36.545544,-119.439034
1639183882,36.545544,-119.439034
1639183885,36.545544,-119.439034
1639183888,36.545544,-119.439034
1639183891,36.545544,-119.439034
1639183895,36.546906,-119.434372
1639183897,36.546906,-119.434372
1639183900,36.546577,-119.433937
1639183903,36.546577,-119.433937
1639183907,36.546577,-119.433937
1639183910,36.546543,-119.432861
1639183913,36.546543,-119.432770
1639183916,36.546539,-119.432701
1639183919,36.546539,-119.432701
1639183922,36.546539,-119.432701
1639183925,36.546539,-119.432701
1639183928,36.546539,-119.432701
1639183931,36.546539,-119.432701
1639183934,36.546597,-119.426643
1639183937,36.546597,-119.426643
1639183940,36.546597,-119.426643
1639183943,36.546570,-119.426674
1639183946,36.546585,-119.426651
1639183949,36.546585,-119.426651
1639183952,36.546513,-119.426247
1639183955,36.546261,-119.425293
1639183958,36.545776,-119.424133
1639183961,36.545631,-119.423347
1639183964,36.545631,-119.423347
1639183967,36.545631,-119.423347
1639183970,36.545631,-119.423347
1639183973,36.545631,-119.423347
1639183976,36.545631,-119.423347
1639183979,36.545631,-119.423347
1639183982,36.545631,-119.423347
1639183985,36.545631,-119.423347
1639183988,36.545944,-119.417290
1639183991,36.546432,-119.414383
1639183994,36.546215,-119.415337
1639183997,36.546215,-119.415337
1639184000,36.546215,-119.415337
1639184003,36.546215,-119.415337
1639184006,36.546139,-119.414322
1639184009,36.549828,-119.413322
1639184012,36.545853,-119.413017
1639184015,36.545853,-119.413017
1639184018,36.545853,-119.413017
1639184021,36.545853,-119.413017
1639184024,36.550007,-119.413963
1639184027,36.545670,-119.412605
1639184030,36.545712,-119.412849
1639184033,36.545712,-119.412849
1639184036,36.545712,-119.412849
1639184039,36.545712,-119.412849
1639184042,36.545708,-119.412720
1639184045,36.545712,-119.412605
1639184048,36.545773,-119.412735
1639184051,36.545773,-119.412735
1639184054,36.545773,-119.412735
1639184057,36.545773,-119.412735
1639184060,36.545929,-119.411469
1639184063,36.546432,-119.414383
1639184066,36.545769,-119.410561
1639184069,36.545769,-119.410561
1639184072,36.545769,-119.410561
1639184075,36.545486,-119.408180
1639184078,36.545540,-119.407722
1639184081,36.545704,-119.407547
1639184084,36.545704,-119.407547
1639184087,36.545704,-119.407547
1639184090,36.545704,-119.407547
1639184093,36.546104,-119.405151
1639184096,36.546146,-119.404869
1639184099,36.546207,-119.404350
1639184102,36.546207,-119.404350
1639184105,36.545452,-119.404236
1639184108,36.545452,-119.404236
1639184111,36.545452,-119.404236
1639184114,36.545452,-119.404236
1639184117,36.545452,-119.404236
1639184120,36.545452,-119.404236
1639184123,36.545452,-119.404236
1639184126,36.545452,-119.404236
1639184129,36.545452,-119.404236
1639184132,36.545452,-119.404236
1639184135,36.545452,-119.404236
1639184138,36.545452,-119.404236
1639184141,36.544041,-119.404549
1639184144,36.544071,-119.404655
1639184147,36.544071,-119.404655
1639184150,36.544041,-119.404228
1639184153,36.544041,-119.404228
1639184156,36.544041,-119.404228
1639184159,36.544041,-119.404228
1639184162,36.544041,-119.404228
1639184165,36.544041,-119.404228
1639184168,36.544041,-119.404228
1639184171,36.544041,-119.404228
1639184174,36.544041,-119.404228
1639184177,36.544041,-119.404228
1639184180,36.544041,-119.404228
1639184183,36.544041,-119.404228
1639184186,36.544189,-119.404633
1639184189,36.544060,-119.404259
1639184192,36.544022,-119.404114
1639184195,36.544022,-119.404114
1639184198,36.544022,-119.404114
1639184201,36.544022,-119.404114
1639184204,36.544067,-119.404457
1639184207,36.544067,-119.404457
1639184210,36.543694,-119.404167
1639184213,36.543694,-119.404167
1639184216,36.543694,-119.404167
1639184219,36.543694,-119.404167
1639184222,36.543694,-119.404167
1639184225,36.543694,-119.404167
1639184228,36.543694,-119.404167
1639184231,36.543694,-119.404167
1639184234,36.543694,-119.404167
1639184237,36.543694,-119.404167
1639184240,36.543694,-119.404167
1639184243,36.542858,-119.402473
1639184246,36.542782,-119.402184
1639184249,36.542835,-119.402016
1639184252,36.542835,-119.402016
1639184255,36.542358,-119.399582
1639184258,36.542358,-119.399582
1639184261,36.542358,-119.399582
1639184264,36.542358,-119.399582
1639184267,36.542358,-119.399582
1639184270,36.542358,-119.399582
1639184273,36.542358,-119.399582
1639184276,36.542358,-119.399582
1639184279,36.542358,-119.399582
1639184282,36.542358,-119.399582
1639184285,36.542358,-119.399582
1639184288,36.542358,-119.399582
1639184291,36.541775,-119.395004
1639184294,36.541622,-119.395348
1639184297,36.541721,-119.395180
1639184300,36.541721,-119.395180
1639184303,36.541721,-119.395180
1639184306,36.541721,-119.395180
1639184309,36.541809,-119.394882
1639184312,36.541782,-119.394875
1639184315,36.541836,-119.394768
1639184318,36.541836,-119.394768
1639184321,36.541836,-119.394768
1639184324,36.541836,-119.394768
1639184327,36.541737,-119.395103
1639184330,36.542191,-119.394661
1639184333,36.542191,-119.394661
1639184336,36.542191,-119.394661
1639184339,36.542191,-119.394661
1639184342,36.542957,-119.394173
1639184345,36.543121,-119.394173
1639184348,36.543121,-119.394173
1639184351,36.543121,-119.394173
1639184354,36.543121,-119.394173
1639184357,36.544399,-119.394257
1639184360,36.544823,-119.394547
1639184363,36.545040,-119.394592
1639184366,36.545040,-119.394592
1639184369,36.545040,-119.394592
1639184372,36.545040,-119.394592
1639184375,36.544071,-119.393677
1639184378,36.543701,-119.393463
1639184381,36.543434,-119.393204
1639184384,36.543434,-119.393204
1639184387,36.543434,-119.393204
1639184390,36.543434,-119.393204
1639184393,36.543434,-119.393204
1639184396,36.542061,-119.391655
1639184399,36.542084,-119.391556
1639184402,36.542110,-119.391533
1639184405,36.542110,-119.391533
1639184408,36.542110,-119.391533
1639184411,36.542110,-119.391533
1639184414,36.541954,-119.391777
1639184417,36.541973,-119.391838
1639184420,36.541927,-119.391876
1639184423,36.541927,-119.391876
1639184426,36.541927,-119.391876
1639184429,36.541927,-119.391876
1639184432,36.541943,-119.392204
1639184435,36.542038,-119.392067
1639184438,36.542160,-119.392258
1639184441,36.542160,-119.392258
1639184444,36.542160,-119.392258
1639184447,36.542160,-119.392258
1639184450,36.542160,-119.392258
1639184453,36.541363,-119.392937
1639184456,36.541363,-119.392937
1639184459,36.541363,-119.392937
1639184462,36.541363,-119.392937
1639184465,36.541363,-119.392937
