1638981396,36.541798,-119.393044
1638981422,36.541798,-119.393028
1638981435,36.541798,-119.393028
1638981451,36.542122,-119.393494
1638981502,36.545822,-119.392708
1638981505,36.545799,-119.392342
1638981508,36.545788,-119.391815
1638981511,36.545780,-119.391403
1638981514,36.545769,-119.390984
1638981517,36.545757,-119.390541
1638981520,36.545746,-119.390076
1638981523,36.545731,-119.389603
1638981526,36.545719,-119.389122
1638981529,36.545712,-119.388649
1638981532,36.545696,-119.388184
1638981535,36.545681,-119.387703
1638981538,36.545673,-119.387245
1638981541,36.545662,-119.386841
1638981544,36.545650,-119.386444
1638981547,36.545643,-119.386055
1638981550,36.545635,-119.385666
1638981553,36.545624,-119.385277
1638981556,36.545612,-119.384888
1638981559,36.545601,-119.384499
1638981562,36.545589,-119.384117
1638981565,36.545574,-119.383736
1638981568,36.545555,-119.383331
1638981571,36.545525,-119.382912
1638981574,36.545502,-119.382484
1638981577,36.545494,-119.382050
1638981580,36.545483,-119.381607
1638981583,36.545467,-119.381172
1638981586,36.545464,-119.380707
1638981589,36.545452,-119.380241
1638981592,36.545441,-119.379776
1638981595,36.545429,-119.379311
1638981598,36.545418,-119.378838
1638981601,36.545406,-119.378380
1638981604,36.545395,-119.377960
1638981607,36.545383,-119.377655
1638981610,36.545380,-119.377487
1638981613,36.545380,-119.377434
1638981616,36.545380,-119.377441
1638981619,36.545380,-119.377426
1638981622,36.545380,-119.377411
1638981625,36.545380,-119.377380
1638981628,36.545372,-119.377350
1638981631,36.545376,-119.377281
1638981634,36.545372,-119.377274
1638981637,36.545372,-119.377258
1638981640,36.545372,-119.377266
1638981643,36.545372,-119.377266
1638981646,36.545372,-119.377266
1638981649,36.545372,-119.377266
1638981652,36.545372,-119.377266
1638981655,36.545372,-119.377266
1638981658,36.545372,-119.377266
1638981661,36.545372,-119.377266
1638981664,36.545372,-119.377266
1638981667,36.545372,-119.377266
1638981670,36.545372,-119.377266
1638981673,36.545372,-119.377266
1638981676,36.545372,-119.377266
1638981679,36.545372,-119.377266
1638981682,36.545372,-119.377266
1638981685,36.545372,-119.377266
1638981688,36.545372,-119.377213
1638981691,36.545364,-119.377106
1638981694,36.545361,-119.377083
1638981697,36.545361,-119.377052
1638981700,36.545334,-119.376953
1638981703,36.545216,-119.376930
1638981706,36.545025,-119.376930
1638981709,36.544777,-119.376930
1638981712,36.544498,-119.376923
1638981715,36.544224,-119.376915
1638981718,36.543934,-119.376915
1638981721,36.543625,-119.376915
1638981724,36.543304,-119.376907
1638981727,36.542953,-119.376915
1638981730,36.542580,-119.376915
1638981733,36.542175,-119.376915
1638981736,36.541771,-119.376907
1638981739,36.541370,-119.376907
1638981742,36.540955,-119.376915
1638981745,36.540550,-119.376907
1638981748,36.540169,-119.376900
1638981751,36.539787,-119.376900
1638981754,36.539421,-119.376907
1638981757,36.539101,-119.376907
1638981760,36.538849,-119.376907
1638981763,36.538666,-119.376907
1638981766,36.538559,-119.376907
1638981769,36.538475,-119.376907
1638981772,36.538372,-119.376907
1638981775,36.538338,-119.376900
1638981778,36.538280,-119.376900
1638981781,36.538143,-119.376900
1638981784,36.537933,-119.376900
1638981787,36.537666,-119.376900
1638981790,36.537357,-119.376900
1638981793,36.537025,-119.376900
1638981796,36.536682,-119.376892
1638981799,36.536366,-119.376884
1638981802,36.536068,-119.376877
1638981805,36.535786,-119.376877
1638981808,36.535496,-119.376884
1638981811,36.535202,-119.376884
1638981814,36.534908,-119.376884
1638981817,36.534622,-119.376884
1638981820,36.534321,-119.376884
1638981823,36.533989,-119.376884
1638981826,36.533630,-119.376884
1638981829,36.533257,-119.376884
1638981832,36.532867,-119.376884
1638981835,36.532475,-119.376877
1638981838,36.532093,-119.376884
1638981841,36.531742,-119.376884
1638981844,36.531464,-119.376900
1638981847,36.531307,-119.376907
1638981850,36.531208,-119.376907
1638981853,36.531178,-119.376907
1638981856,36.531101,-119.376991
1638981859,36.531090,-119.377228
1638981862,36.531078,-119.377556
1638981865,36.531071,-119.377953
1638981868,36.531063,-119.378395
1638981871,36.531071,-119.378868
1638981874,36.531078,-119.379204
1638981877,36.531086,-119.379875
1638981880,36.531094,-119.380394
1638981883,36.531109,-119.380882
1638981886,36.531124,-119.381287
1638981889,36.531143,-119.381584
1638981892,36.531147,-119.381729
1638981895,36.531151,-119.381737
1638981898,36.531151,-119.381752
1638981901,36.531151,-119.381760
1638981904,36.531147,-119.381798
1638981907,36.531143,-119.381866
1638981910,36.531132,-119.382088
1638981913,36.531132,-119.382393
1638981916,36.531136,-119.382690
1638981919,36.531143,-119.382889
1638981922,36.531113,-119.383026
1638981925,36.531040,-119.383087
1638981928,36.530975,-119.383087
1638981931,36.530895,-119.383118
1638981934,36.530853,-119.383232
1638981937,36.530865,-119.383377
1638981940,36.530922,-119.383469
1638981943,36.530994,-119.383469
1638981946,36.531025,-119.383453
1638981949,36.531029,-119.383453
1638981952,36.531029,-119.383453
1638981955,36.531029,-119.383453
1638981958,36.531029,-119.383453
1638981961,36.531029,-119.383453
1638981964,36.531029,-119.383453
1638981967,36.531029,-119.383453
1638981970,36.531029,-119.383453
1638981973,36.531029,-119.383453
1638981976,36.531029,-119.383453
1638981979,36.531029,-119.383453
1638981982,36.531029,-119.383453
1638981985,36.531029,-119.383453
1638981988,36.531029,-119.383453
1638981991,36.531029,-119.383453
1638981994,36.531029,-119.383453
1638981998,36.531029,-119.383453
1638982001,36.531029,-119.383453
1638982004,36.531029,-119.383453
1638982007,36.531029,-119.383453
1638982010,36.531029,-119.383453
1638982013,36.531029,-119.383453
1638982016,36.531029,-119.383453
1638982019,36.531029,-119.383453
1638982022,36.531029,-119.383453
1638982025,36.531029,-119.383453
1638982028,36.531029,-119.383453
1638982031,36.531029,-119.383453
1638982034,36.531029,-119.383453
1638982037,36.531029,-119.383453
1638982040,36.531029,-119.383453
1638982043,36.531029,-119.383453
1638982046,36.531029,-119.383453
1638982049,36.531029,-119.383453
1638982052,36.531029,-119.383453
1638982055,36.531029,-119.383453
1638982058,36.531029,-119.383453
1638982061,36.531029,-119.383453
1638982064,36.531029,-119.383453
1638982067,36.531029,-119.383453
1638982070,36.531029,-119.383453
1638982073,36.531029,-119.383453
1638982076,36.531029,-119.383453
1638982079,36.531029,-119.383453
1638982082,36.531029,-119.383453
1638982085,36.531029,-119.383453
1638982088,36.531029,-119.383453
1638982091,36.531029,-119.383453
1638982094,36.531029,-119.383453
1638982097,36.531029,-119.383453
1638982100,36.531029,-119.383453
1638982103,36.531029,-119.383453
1638982106,36.531029,-119.383453
1638982109,36.531029,-119.383453
1638982112,36.531029,-119.383453
1638982115,36.531029,-119.383453
1638982118,36.531029,-119.383453
1638982121,36.531029,-119.383453
1638982124,36.531029,-119.383453
1638982127,36.531029,-119.383453
1638982130,36.531029,-119.383453
1638982133,36.531029,-119.383453
1638982136,36.531029,-119.383453
1638982139,36.531029,-119.383453
1638982142,36.531029,-119.383453
1638982145,36.531029,-119.383453
1638982148,36.531029,-119.383453
1638982151,36.531029,-119.383453
1638982154,36.531029,-119.383453
1638982157,36.531029,-119.383453
1638982160,36.531029,-119.383453
1638982163,36.531029,-119.383453
1638982166,36.531029,-119.383453
1638982169,36.531029,-119.383453
1638982172,36.531029,-119.383453
1638982175,36.531029,-119.383453
1638982178,36.531029,-119.383453
1638982181,36.531029,-119.383453
1638982184,36.531029,-119.383453
1638982187,36.531029,-119.383453
1638982190,36.531029,-119.383453
1638982193,36.531029,-119.383453
1638982196,36.531029,-119.383453
1638982199,36.531071,-119.383446
1638982202,36.531116,-119.383453
1638982205,36.531197,-119.383530
1638982208,36.531208,-119.383698
1638982211,36.531231,-119.383957
1638982214,36.531223,-119.384285
1638982217,36.531227,-119.384651
1638982220,36.531219,-119.385025
1638982223,36.531227,-119.385384
1638982226,36.531239,-119.385674
1638982229,36.531246,-119.385803
1638982232,36.531250,-119.385826
1638982235,36.531303,-119.385902
1638982238,36.531425,-119.385910
1638982241,36.531635,-119.385910
1638982244,36.531918,-119.385895
1638982247,36.532227,-119.385895
1638982250,36.532566,-119.385902
1638982253,36.532917,-119.385902
1638982256,36.533245,-119.385902
1638982259,36.533566,-119.385902
1638982262,36.533882,-119.385902
1638982265,36.534176,-119.385887
1638982268,36.534401,-119.385880
1638982271,36.534515,-119.385880
1638982274,36.534519,-119.385880
1638982277,36.534523,-119.385880
1638982280,36.534519,-119.385880
1638982283,36.534527,-119.385880
1638982286,36.534595,-119.385887
1638982289,36.534752,-119.385910
1638982292,36.534966,-119.385902
1638982295,36.535236,-119.385918
1638982298,36.535477,-119.385925
1638982301,36.535645,-119.386070
1638982304,36.535801,-119.386269
1638982307,36.535992,-119.386490
1638982310,36.536209,-119.386742
1638982313,36.536442,-119.387009
1638982316,36.536678,-119.387283
1638982319,36.536903,-119.387527
1638982322,36.537117,-119.387764
1638982325,36.537323,-119.387993
1638982328,36.537525,-119.388222
1638982331,36.537731,-119.388458
1638982334,36.537922,-119.388680
1638982337,36.538059,-119.388840
1638982340,36.538113,-119.388901
1638982343,36.538155,-119.388947
1638982346,36.538235,-119.389038
1638982349,36.538361,-119.389183
1638982352,36.538502,-119.389336
1638982355,36.538654,-119.389511
1638982358,36.538830,-119.389709
1638982361,36.538986,-119.389877
1638982364,36.539082,-119.389969
1638982367,36.539104,-119.389992
1638982370,36.539158,-119.390022
1638982373,36.539265,-119.389969
1638982376,36.539383,-119.389809
1638982379,36.539536,-119.389595
1638982382,36.539703,-119.389374
1638982385,36.539806,-119.389236
1638982388,36.539829,-119.389206
1638982391,36.539829,-119.389198
1638982394,36.539852,-119.389168
1638982397,36.539864,-119.389153
1638982400,36.539875,-119.389145
1638982403,36.539875,-119.389137
1638982406,36.539875,-119.389137
1638982409,36.539886,-119.389145
1638982412,36.539989,-119.389191
1638982415,36.540104,-119.389328
1638982418,36.540253,-119.389496
1638982421,36.540390,-119.389648
1638982424,36.540524,-119.389793
1638982427,36.540638,-119.389923
1638982430,36.540722,-119.390022
1638982433,36.540836,-119.390144
1638982436,36.540970,-119.390289
1638982439,36.541100,-119.390457
1638982442,36.541241,-119.390610
1638982445,36.541374,-119.390755
1638982448,36.541508,-119.390907
1638982451,36.541641,-119.391068
1638982454,36.541782,-119.391220
1638982457,36.541843,-119.391357
1638982460,36.541767,-119.391487
1638982463,36.541653,-119.391624
1638982466,36.541523,-119.391800
1638982469,36.541397,-119.391991
1638982472,36.541271,-119.392181
1638982475,36.541210,-119.392265
1638982478,36.541203,-119.392288
1638982481,36.541191,-119.392349
1638982484,36.541225,-119.392464
1638982487,36.541340,-119.392570
1638982490,36.541481,-119.392715
1638982493,36.541615,-119.392830
1638982496,36.541729,-119.392960
1638982499,36.541779,-119.393021
1638982502,36.541798,-119.393044
1638982505,36.541813,-119.393044
1638982508,36.541821,-119.393059
1638982511,36.541832,-119.393066
1638982514,36.541828,-119.393066
1638982517,36.541832,-119.393074
1638982520,36.541832,-119.393074
1638982523,36.541832,-119.393074
1638982526,36.541832,-119.393074
1638982529,36.541832,-119.393074
1638982532,36.541832,-119.393074
1638982535,36.541832,-119.393074
1638982538,36.541832,-119.393074
1638982541,36.541832,-119.393074
1638982544,36.541809,-119.393044
1638982547,36.541813,-119.393036
1638982550,36.541786,-119.393021
1638982553,36.541786,-119.393021
