1639184668,36.542404,-119.393341
1639184671,36.542343,-119.393158
1639184674,36.542343,-119.393158
1639184677,36.542343,-119.393158
1639184680,36.542343,-119.393158
1639184683,36.542210,-119.393021
1639184686,36.542210,-119.393021
1639184689,36.542210,-119.393021
1639184692,36.542210,-119.393021
1639184695,36.542194,-119.393105
1639184698,36.542194,-119.393105
1639184701,36.542194,-119.393105
1639184704,36.542194,-119.393105
1639184707,36.542557,-119.393616
1639184710,36.542557,-119.393616
1639184713,36.542557,-119.393616
1639184716,36.542557,-119.393616
1639184719,36.542557,-119.393616
1639184722,36.542583,-119.393639
1639184725,36.542583,-119.393639
1639184728,36.542583,-119.393639
1639184731,36.542583,-119.393639
1639184734,36.542320,-119.394096
1639184737,36.542175,-119.394318
1639184740,36.542057,-119.394478
1639184743,36.542057,-119.394478
1639184746,36.542057,-119.394478
1639184749,36.542057,-119.394478
1639184752,36.541862,-119.394691
1639184755,36.541832,-119.394699
1639184758,36.541813,-119.394714
1639184761,36.541813,-119.394714
1639184764,36.541813,-119.394714
1639184767,36.542007,-119.394669
1639184770,36.541943,-119.394638
1639184773,36.541912,-119.394623
1639184776,36.541912,-119.394623
1639184779,36.541912,-119.394623
1639184782,36.541355,-119.395531
1639184785,36.541355,-119.395531
1639184788,36.541355,-119.395531
1639184791,36.541355,-119.395531
1639184794,36.541355,-119.395531
1639184797,36.541355,-119.395531
1639184800,36.541355,-119.395531
1639184803,36.541355,-119.395531
1639184806,36.542297,-119.397835
1639184809,36.542297,-119.397835
1639184812,36.542297,-119.397835
1639184815,36.542297,-119.397835
1639184818,36.542297,-119.397835
1639184821,36.542297,-119.397835
1639184824,36.542297,-119.397835
1639184827,36.542297,-119.397835
1639184830,36.542297,-119.397835
1639184833,36.542297,-119.397835
1639184836,36.542297,-119.397835
1639184839,36.542297,-119.397835
1639184843,36.542824,-119.403236
1639184845,36.542835,-119.403290
1639184848,36.542873,-119.403244
1639184852,36.542873,-119.403244
1639184854,36.542873,-119.403244
1639184858,36.542873,-119.403244
1639184861,36.543102,-119.403305
1639184864,36.542984,-119.403267
1639184867,36.542988,-119.403267
1639184869,36.542988,-119.403267
1639184872,36.542988,-119.403267
1639184876,36.543507,-119.404015
1639184879,36.543507,-119.404015
1639184882,36.543507,-119.404015
1639184885,36.543507,-119.404015
1639184888,36.543507,-119.404015
1639184891,36.543560,-119.403954
1639184894,36.543560,-119.403954
1639184897,36.543560,-119.403954
1639184900,36.543560,-119.403954
1639184903,36.543518,-119.404030
1639184906,36.543518,-119.404030
1639184909,36.543518,-119.404030
1639184912,36.543518,-119.404030
1639184915,36.543518,-119.404030
1639184918,36.543518,-119.404030
1639184921,36.543518,-119.404030
1639184924,36.543518,-119.404030
1639184927,36.543518,-119.404030
1639184930,36.544586,-119.404007
1639184933,36.544586,-119.404007
1639184936,36.544586,-119.404007
1639184939,36.544586,-119.404007
1639184942,36.544586,-119.404007
1639184945,36.544586,-119.404007
1639184948,36.544586,-119.404007
1639184951,36.544586,-119.404007
1639184954,36.544586,-119.404007
1639184957,36.544586,-119.404007
1639184960,36.544586,-119.404007
1639184963,36.544586,-119.404007
1639184966,36.545963,-119.404144
1639184969,36.546055,-119.404282
1639184972,36.546047,-119.404213
1639184975,36.546047,-119.404213
1639184978,36.546047,-119.404213
1639184981,36.546047,-119.404213
1639184984,36.546013,-119.404007
1639184987,36.546028,-119.404037
1639184990,36.546062,-119.404022
1639184993,36.546062,-119.404022
1639184996,36.546062,-119.404022
1639184999,36.546062,-119.404022
1639185002,36.546116,-119.404594
1639185005,36.546070,-119.404510
1639185008,36.546082,-119.404091
1639185011,36.546082,-119.404091
1639185014,36.546082,-119.404091
1639185017,36.546097,-119.404839
1639185020,36.546097,-119.404839
1639185023,36.546097,-119.404839
1639185026,36.546097,-119.404839
1639185029,36.546097,-119.404839
1639185032,36.546097,-119.404839
1639185035,36.546097,-119.404839
1639185038,36.546097,-119.404839
1639185041,36.546097,-119.404839
1639185044,36.546097,-119.404839
1639185047,36.546097,-119.404839
1639185050,36.546097,-119.404839
1639185053,36.545498,-119.411026
1639185056,36.546474,-119.411369
1639185059,36.546520,-119.411537
1639185062,36.546520,-119.411537
1639185065,36.546520,-119.411537
1639185068,36.546490,-119.412109
1639185071,36.545906,-119.412354
1639185074,36.545795,-119.412651
1639185077,36.545795,-119.412651
1639185080,36.545795,-119.412651
1639185083,36.545795,-119.412651
1639185086,36.546879,-119.412766
1639185089,36.547062,-119.412788
1639185092,36.547852,-119.412636
1639185095,36.547852,-119.412636
1639185098,36.547852,-119.412636
1639185101,36.547852,-119.412636
1639185104,36.547852,-119.412636
1639185107,36.549271,-119.412491
1639185110,36.549309,-119.412483
1639185113,36.549328,-119.412453
1639185116,36.549328,-119.412453
1639185119,36.549328,-119.412453
1639185122,36.549431,-119.411674
1639185125,36.549431,-119.411674
1639185128,36.549431,-119.411674
1639185131,36.549431,-119.411674
1639185134,36.549431,-119.411674
1639185137,36.549431,-119.411674
1639185140,36.549431,-119.411674
1639185143,36.549431,-119.411674
1639185146,36.549431,-119.411674
1639185149,36.549431,-119.411674
1639185152,36.549431,-119.411674
1639185155,36.549431,-119.411674
1639185158,36.550030,-119.410301
1639185161,36.550014,-119.410301
1639185164,36.550049,-119.410042
1639185167,36.550049,-119.410042
1639185170,36.550049,-119.410042
1639185173,36.550049,-119.410042
1639185176,36.550049,-119.410042
1639185179,36.549858,-119.408569
1639185182,36.549847,-119.408394
1639185185,36.549862,-119.408325
1639185188,36.549862,-119.408325
1639185191,36.549862,-119.408325
1639185194,36.549862,-119.408325
1639185197,36.549805,-119.406761
1639185200,36.549793,-119.406487
1639185203,36.549805,-119.406418
1639185206,36.549805,-119.406418
1639185209,36.549805,-119.406418
1639185212,36.549805,-119.406418
1639185215,36.549805,-119.406418
1639185218,36.549458,-119.406570
1639185221,36.549370,-119.406548
1639185224,36.549370,-119.406548
1639185227,36.549587,-119.405594
1639185230,36.549587,-119.405594
1639185233,36.549587,-119.405594
1639185236,36.549587,-119.405594
1639185239,36.549587,-119.405594
1639185242,36.549587,-119.405594
1639185245,36.549587,-119.405594
1639185248,36.549587,-119.405594
1639185251,36.549587,-119.405594
1639185254,36.549587,-119.405594
1639185257,36.549587,-119.405594
1639185260,36.549587,-119.405594
1639185263,36.548355,-119.404106
1639185266,36.548210,-119.404144
1639185269,36.548100,-119.404236
1639185272,36.548100,-119.404236
1639185275,36.548100,-119.404236
1639185278,36.548100,-119.404236
1639185281,36.548100,-119.404236
1639185284,36.546978,-119.404114
1639185287,36.546806,-119.404129
1639185290,36.546562,-119.404121
1639185293,36.546562,-119.404121
1639185296,36.546562,-119.404121
1639185299,36.546562,-119.404121
1639185302,36.546188,-119.404037
1639185305,36.546169,-119.404068
1639185308,36.546146,-119.404030
1639185311,36.546146,-119.404030
1639185314,36.546146,-119.404030
1639185317,36.546146,-119.404030
1639185320,36.546146,-119.404030
1639185323,36.546265,-119.404045
1639185326,36.546249,-119.403999
1639185329,36.546238,-119.404053
1639185332,36.546238,-119.404053
1639185335,36.546238,-119.404053
1639185338,36.546238,-119.404053
1639185341,36.546127,-119.404068
1639185344,36.546101,-119.404068
1639185347,36.546009,-119.404083
1639185350,36.546009,-119.404083
1639185353,36.546009,-119.404083
1639185356,36.546009,-119.404083
1639185359,36.546021,-119.402222
1639185362,36.546021,-119.402222
1639185365,36.546021,-119.402222
1639185368,36.546021,-119.402222
1639185371,36.546021,-119.402222
1639185374,36.546021,-119.402222
1639185377,36.546021,-119.402222
1639185380,36.546021,-119.402222
1639185383,36.546021,-119.402222
1639185386,36.546021,-119.402222
1639185389,36.546021,-119.402222
1639185392,36.546192,-119.398758
1639185395,36.546165,-119.398857
1639185398,36.546131,-119.398819
1639185401,36.546131,-119.398819
1639185404,36.546131,-119.398819
1639185407,36.546131,-119.398819
1639185410,36.546131,-119.398232
1639185413,36.546227,-119.397926
1639185416,36.546101,-119.397408
1639185419,36.546101,-119.397408
1639185422,36.545834,-119.396088
1639185425,36.545834,-119.396088
1639185428,36.545834,-119.396088
1639185431,36.545834,-119.396088
1639185434,36.545834,-119.396088
1639185437,36.545834,-119.396088
1639185440,36.545834,-119.396088
1639185443,36.545834,-119.396088
1639185446,36.545834,-119.396088
1639185449,36.545834,-119.396088
1639185452,36.545834,-119.396088
1639185455,36.545834,-119.396088
1639185458,36.545429,-119.394997
1639185461,36.545849,-119.396179
1639185464,36.545525,-119.395401
1639185467,36.545525,-119.395401
1639185470,36.545429,-119.394768
1639185473,36.545429,-119.394768
1639185476,36.545429,-119.394768
1639185479,36.545429,-119.394768
1639185482,36.547031,-119.394958
1639185485,36.547031,-119.394958
1639185488,36.547031,-119.394958
1639185491,36.547031,-119.394958
1639185494,36.547031,-119.394958
1639185497,36.547031,-119.394958
1639185500,36.547031,-119.394958
1639185503,36.547031,-119.394958
1639185506,36.547031,-119.394958
1639185509,36.547031,-119.394958
1639185512,36.547031,-119.394958
1639185515,36.547031,-119.394958
1639185518,36.551178,-119.394936
1639185521,36.551334,-119.394867
1639185524,36.551548,-119.394691
1639185527,36.551548,-119.394691
1639185530,36.551548,-119.394691
1639185533,36.551548,-119.394691
1639185536,36.551548,-119.394691
1639185539,36.552822,-119.394737
1639185542,36.552910,-119.394691
1639185545,36.553024,-119.394653
1639185548,36.553024,-119.394653
1639185551,36.553818,-119.395180
1639185554,36.553818,-119.395180
1639185557,36.553818,-119.395180
1639185560,36.553818,-119.395180
1639185563,36.553818,-119.395180
1639185566,36.555767,-119.394875
1639185569,36.555767,-119.394875
1639185572,36.555767,-119.394875
1639185575,36.556667,-119.394989
1639185578,36.556667,-119.394989
1639185581,36.556667,-119.394989
1639185584,36.556667,-119.394989
1639185587,36.556667,-119.394989
1639185590,36.556667,-119.394989
1639185593,36.556667,-119.394989
1639185596,36.556667,-119.394989
1639185599,36.556667,-119.394989
1639185602,36.556667,-119.394989
1639185605,36.556667,-119.394989
1639185608,36.556667,-119.394989
1639185611,36.556904,-119.391899
1639185614,36.556622,-119.391106
1639185617,36.556568,-119.391052
1639185620,36.556568,-119.391052
1639185623,36.556568,-119.391052
1639185626,36.556568,-119.391052
1639185629,36.556568,-119.391052
1639185632,36.556438,-119.390488
1639185635,36.556061,-119.390411
1639185638,36.555695,-119.390396
1639185641,36.555695,-119.390396
1639185644,36.555695,-119.390396
1639185647,36.555695,-119.390396
1639185650,36.555695,-119.390396
1639185653,36.554688,-119.390854
1639185656,36.554424,-119.390862
1639185659,36.554123,-119.390778
1639185662,36.554123,-119.390778
1639185665,36.554123,-119.390778
1639185668,36.554123,-119.390778
1639185671,36.554123,-119.390778
1639185674,36.553398,-119.390648
1639185677,36.553303,-119.390564
1639185680,36.553295,-119.390610
1639185683,36.553295,-119.390610
1639185686,36.553295,-119.390610
1639185689,36.553295,-119.390610
1639185692,36.553295,-119.390610
1639185695,36.553295,-119.390610
1639185698,36.553257,-119.391548
1639185701,36.553093,-119.392914
1639185704,36.553093,-119.392914
1639185707,36.553093,-119.392914
1639185711,36.553158,-119.394173
1639185713,36.553158,-119.394173
1639185716,36.553158,-119.394173
1639185719,36.553158,-119.394173
1639185723,36.553158,-119.394173
1639185726,36.553158,-119.394173
1639185729,36.553158,-119.394173
1639185732,36.553158,-119.394173
1639185735,36.553158,-119.394173
1639185737,36.553158,-119.394173
1639185741,36.552956,-119.395187
1639185744,36.552956,-119.395187
1639185747,36.552956,-119.395187
1639185750,36.552956,-119.395187
1639185753,36.552956,-119.395187
1639185756,36.552956,-119.395187
1639185759,36.552956,-119.395187
1639185762,36.552956,-119.395187
1639185765,36.552956,-119.395187
1639185768,36.552326,-119.396706
1639185771,36.552326,-119.396706
1639185774,36.552326,-119.396706
1639185777,36.552326,-119.396706
1639185780,36.552326,-119.396706
1639185783,36.552326,-119.396706
1639185786,36.552326,-119.396706
1639185789,36.552326,-119.396706
1639185792,36.552326,-119.396706
1639185795,36.552326,-119.396706
1639185798,36.552326,-119.396706
1639185801,36.552326,-119.396706
1639185804,36.553410,-119.399643
1639185807,36.553406,-119.399490
1639185810,36.553391,-119.399681
1639185813,36.553391,-119.399681
1639185816,36.553391,-119.399681
1639185819,36.553391,-119.399681
1639185822,36.553181,-119.401009
1639185825,36.553265,-119.401535
1639185828,36.553242,-119.401848
1639185831,36.553242,-119.401848
1639185834,36.553242,-119.401848
1639185837,36.553242,-119.401848
1639185840,36.553257,-119.403091
1639185843,36.553299,-119.403648
1639185846,36.553246,-119.403938
1639185849,36.553246,-119.403938
1639185852,36.553246,-119.403938
1639185855,36.553246,-119.403938
1639185858,36.553856,-119.404526
1639185861,36.554062,-119.404243
1639185864,36.554234,-119.404480
1639185867,36.554234,-119.404480
1639185870,36.554234,-119.404480
1639185873,36.554234,-119.404480
1639185876,36.555393,-119.404541
1639185879,36.555840,-119.404694
1639185882,36.556534,-119.404594
1639185885,36.556534,-119.404594
1639185888,36.556534,-119.404594
1639185891,36.556534,-119.404594
1639185894,36.557205,-119.404022
1639185897,36.557205,-119.404022
1639185900,36.557571,-119.404083
1639185903,36.557571,-119.404083
1639185906,36.557571,-119.404083
1639185909,36.557571,-119.404083
1639185912,36.557571,-119.404083
1639185915,36.557571,-119.404083
1639185918,36.557571,-119.404083
1639185921,36.559811,-119.404312
1639185924,36.559811,-119.404312
1639185927,36.559811,-119.404312
1639185930,36.559811,-119.404312
1639185933,36.559811,-119.404312
1639185936,36.559811,-119.404312
1639185939,36.559811,-119.404312
1639185942,36.559811,-119.404312
1639185945,36.559811,-119.404312
1639185948,36.559811,-119.404312
1639185951,36.559811,-119.404312
1639185954,36.560673,-119.402550
1639185957,36.560757,-119.402275
1639185960,36.560764,-119.402092
1639185963,36.560764,-119.402092
1639185966,36.560764,-119.402092
1639185969,36.560444,-119.401360
1639185972,36.560444,-119.401360
1639185975,36.560295,-119.400032
1639185978,36.560295,-119.400032
1639185981,36.560295,-119.400032
1639185984,36.560295,-119.400032
1639185987,36.559475,-119.399658
1639185990,36.559429,-119.399658
1639185993,36.559170,-119.399643
1639185996,36.559170,-119.399643
1639185999,36.559170,-119.399643
1639186002,36.559170,-119.399643
1639186005,36.559170,-119.399643
1639186008,36.559170,-119.399643
1639186011,36.559170,-119.399643
1639186014,36.559170,-119.399643
1639186017,36.559170,-119.399643
1639186020,36.559170,-119.399643
1639186023,36.556126,-119.399673
1639186026,36.556072,-119.399673
1639186029,36.555805,-119.399673
1639186032,36.555805,-119.399673
1639186035,36.555805,-119.399673
1639186038,36.555805,-119.399673
1639186041,36.555805,-119.399673
1639186044,36.555805,-119.399673
1639186047,36.555805,-119.399673
1639186050,36.555805,-119.399673
1639186053,36.555805,-119.399673
1639186056,36.555805,-119.399673
1639186059,36.554050,-119.399208
1639186062,36.553886,-119.399712
1639186065,36.553768,-119.399788
1639186068,36.553768,-119.399788
1639186071,36.553768,-119.399788
1639186074,36.553768,-119.399788
1639186077,36.553768,-119.399788
1639186080,36.552998,-119.399727
1639186083,36.552452,-119.398895
1639186086,36.552452,-119.398895
1639186089,36.553062,-119.398468
1639186092,36.553062,-119.398468
1639186095,36.553062,-119.398468
1639186098,36.553062,-119.398468
1639186101,36.553062,-119.398468
1639186104,36.553062,-119.398468
1639186107,36.553062,-119.398468
1639186110,36.553062,-119.398468
1639186113,36.553062,-119.398468
1639186116,36.553062,-119.398468
1639186119,36.553062,-119.398468
1639186122,36.553062,-119.398468
1639186125,36.552071,-119.395332
1639186128,36.552071,-119.395332
1639186131,36.552055,-119.395325
1639186134,36.552055,-119.395325
1639186137,36.552055,-119.395325
1639186140,36.552055,-119.395325
1639186143,36.552055,-119.395325
1639186146,36.552055,-119.395325
1639186149,36.552055,-119.395325
1639186152,36.552055,-119.395325
1639186155,36.552055,-119.395325
1639186158,36.549210,-119.395111
1639186161,36.548847,-119.395012
1639186164,36.548458,-119.395027
1639186167,36.548458,-119.395027
1639186170,36.548458,-119.395027
1639186173,36.548458,-119.395027
1639186176,36.547104,-119.395149
1639186179,36.546848,-119.395142
1639186182,36.546597,-119.395172
1639186185,36.546597,-119.395172
1639186188,36.546597,-119.395172
1639186191,36.546597,-119.395172
1639186194,36.546597,-119.395172
1639186197,36.546131,-119.395157
1639186200,36.546131,-119.395157
1639186203,36.546131,-119.395157
1639186206,36.546131,-119.395157
1639186209,36.546131,-119.395157
1639186212,36.546131,-119.395157
1639186215,36.546131,-119.395157
1639186218,36.546131,-119.395157
1639186221,36.546131,-119.395157
1639186224,36.546131,-119.395157
1639186227,36.546131,-119.395157
1639186230,36.546131,-119.395157
1639186233,36.546349,-119.395035
1639186236,36.546295,-119.395020
1639186239,36.546295,-119.395020
1639186242,36.545795,-119.395103
1639186245,36.545795,-119.395103
1639186248,36.545795,-119.395103
1639186251,36.545795,-119.395103
1639186254,36.545795,-119.395103
1639186257,36.545795,-119.395103
1639186260,36.545795,-119.395103
1639186263,36.545795,-119.395103
1639186266,36.545795,-119.395103
1639186269,36.545795,-119.395103
1639186272,36.544682,-119.394966
1639186275,36.544682,-119.394966
1639186278,36.544682,-119.394966
1639186281,36.544445,-119.394501
1639186284,36.544445,-119.394501
1639186287,36.544445,-119.394501
1639186290,36.544445,-119.394501
1639186293,36.544445,-119.394501
1639186296,36.544445,-119.394501
1639186299,36.544445,-119.394501
1639186302,36.544445,-119.394501
1639186305,36.544445,-119.394501
1639186308,36.544445,-119.394501
1639186311,36.544445,-119.394501
1639186314,36.542164,-119.391724
1639186317,36.542126,-119.391747
1639186320,36.542152,-119.391602
1639186323,36.542152,-119.391602
1639186326,36.542152,-119.391602
1639186329,36.541958,-119.391556
1639186332,36.541958,-119.391556
1639186335,36.541958,-119.391556
1639186338,36.541958,-119.391556
1639186341,36.541958,-119.391556
1639186344,36.541958,-119.391556
1639186347,36.541958,-119.391556
1639186350,36.541958,-119.391556
1639186353,36.541958,-119.391556
1639186356,36.541958,-119.391556
1639186359,36.542152,-119.392876
1639186362,36.542084,-119.392899
1639186365,36.542168,-119.392937
1639186368,36.542168,-119.392937
1639186371,36.542168,-119.392937
