1639170476,36.540386,-119.391045
1639170479,36.542168,-119.392479
1639170482,36.542088,-119.392860
1639170485,36.542156,-119.392761
1639170488,36.542156,-119.392761
1639170491,36.542168,-119.392639
1639170494,36.542057,-119.392662
1639170497,36.542114,-119.392708
1639170500,36.542114,-119.392708
1639170503,36.542110,-119.392578
1639170506,36.542278,-119.392548
1639170509,36.542213,-119.392677
1639170512,36.542213,-119.392677
1639170515,36.542213,-119.392677
1639170518,36.542400,-119.393150
1639170521,36.542255,-119.393105
1639170524,36.542183,-119.392967
1639170527,36.542183,-119.392967
1639170530,36.542469,-119.393478
1639170533,36.542423,-119.393532
1639170536,36.542480,-119.393646
1639170539,36.542480,-119.393646
1639170542,36.542721,-119.393944
1639170545,36.543064,-119.394142
1639170548,36.543217,-119.394165
1639170551,36.543217,-119.394165
1639170554,36.543331,-119.394196
1639170557,36.543369,-119.394279
1639170560,36.543400,-119.394302
1639170563,36.543400,-119.394302
1639170566,36.543400,-119.394302
1639170569,36.543861,-119.394600
1639170572,36.544258,-119.394829
1639170575,36.544670,-119.394562
1639170578,36.544670,-119.394562
1639170581,36.545174,-119.394775
1639170584,36.545433,-119.394897
1639170587,36.545589,-119.394730
1639170590,36.545589,-119.394730
1639170593,36.545956,-119.394806
1639170596,36.545719,-119.394707
1639170599,36.545631,-119.394638
1639170602,36.545631,-119.394638
1639170605,36.545628,-119.394669
1639170608,36.545715,-119.394653
1639170611,36.545715,-119.394653
1639170614,36.545586,-119.394691
1639170617,36.545586,-119.394691
1639170620,36.545586,-119.394691
1639170623,36.545586,-119.394691
1639170626,36.545586,-119.394691
1639170629,36.545586,-119.394691
1639170632,36.545586,-119.394691
1639170636,36.545586,-119.394691
1639170638,36.545586,-119.394691
1639170641,36.545586,-119.394691
1639170645,36.545586,-119.394691
1639170648,36.545586,-119.394691
1639170651,36.546696,-119.395103
1639170653,36.546696,-119.395103
1639170657,36.547123,-119.394913
1639170660,36.547123,-119.394913
1639170663,36.547123,-119.394913
1639170666,36.547123,-119.394913
1639170669,36.547123,-119.394913
1639170672,36.547123,-119.394913
1639170675,36.547123,-119.394913
1639170678,36.547123,-119.394913
1639170681,36.547123,-119.394913
1639170684,36.547123,-119.394913
1639170687,36.551228,-119.394966
1639170690,36.551228,-119.394966
1639170693,36.551228,-119.394966
1639170696,36.551228,-119.394966
1639170699,36.551228,-119.394966
1639170702,36.551228,-119.394966
1639170705,36.551228,-119.394966
1639170708,36.551228,-119.394966
1639170711,36.551228,-119.394966
1639170714,36.551228,-119.394966
1639170717,36.551228,-119.394966
1639170720,36.551228,-119.394966
1639170723,36.551228,-119.394966
1639170726,36.554085,-119.395607
1639170729,36.554138,-119.395126
1639170732,36.554142,-119.395119
1639170735,36.554142,-119.395119
1639170738,36.554142,-119.395119
1639170741,36.554142,-119.395119
1639170744,36.554142,-119.395119
1639170747,36.554142,-119.395119
1639170750,36.554142,-119.395119
1639170753,36.554142,-119.395119
1639170756,36.554142,-119.395119
1639170759,36.554142,-119.395119
1639170762,36.554794,-119.395515
1639170765,36.555061,-119.395226
1639170768,36.556282,-119.395088
1639170771,36.556282,-119.395088
1639170774,36.556282,-119.395088
1639170777,36.556282,-119.395088
1639170780,36.556282,-119.395088
1639170783,36.557442,-119.394676
1639170786,36.558376,-119.394798
1639170789,36.559029,-119.394897
1639170792,36.559029,-119.394897
1639170795,36.559029,-119.394897
1639170798,36.559029,-119.394897
1639170801,36.559982,-119.394958
1639170804,36.559982,-119.394958
1639170807,36.560268,-119.395164
1639170810,36.560268,-119.395164
1639170813,36.560268,-119.395164
1639170816,36.560268,-119.395164
1639170819,36.560268,-119.395164
1639170822,36.560268,-119.395164
1639170825,36.560268,-119.395164
1639170828,36.560268,-119.395164
1639170831,36.560268,-119.395164
1639170834,36.560268,-119.395164
1639170837,36.560268,-119.395164
1639170840,36.560268,-119.395164
1639170843,36.564411,-119.395073
1639170846,36.564625,-119.395073
1639170849,36.564865,-119.395073
1639170852,36.564865,-119.395073
1639170855,36.564865,-119.395073
1639170858,36.564865,-119.395073
1639170861,36.564865,-119.395073
1639170864,36.564865,-119.395073
1639170867,36.568531,-119.395050
1639170870,36.568531,-119.395050
1639170873,36.568531,-119.395050
1639170876,36.568531,-119.395050
1639170879,36.568531,-119.395050
1639170882,36.568531,-119.395050
1639170885,36.568531,-119.395050
1639170888,36.568531,-119.395050
1639170891,36.568531,-119.395050
1639170894,36.568531,-119.395050
1639170897,36.568531,-119.395050
1639170900,36.568531,-119.395050
1639170903,36.574509,-119.394890
1639170906,36.574890,-119.394836
1639170909,36.574951,-119.394844
1639170912,36.574951,-119.394844
1639170915,36.574951,-119.394844
1639170918,36.574951,-119.394844
1639170921,36.577930,-119.394463
1639170924,36.578869,-119.394745
1639170927,36.578869,-119.394745
1639170930,36.578869,-119.394745
1639170933,36.578869,-119.394745
1639170936,36.578869,-119.394745
1639170939,36.578869,-119.394745
1639170942,36.578869,-119.394745
1639170945,36.578869,-119.394745
1639170948,36.578869,-119.394745
1639170951,36.584156,-119.395370
1639170954,36.584152,-119.395378
1639170957,36.584152,-119.395378
1639170960,36.584152,-119.395378
1639170963,36.584152,-119.395378
1639170966,36.584152,-119.395378
1639170969,36.584152,-119.395378
1639170972,36.584152,-119.395378
1639170975,36.584152,-119.395378
1639170978,36.584152,-119.395378
1639170981,36.589241,-119.395523
1639170984,36.589188,-119.394821
1639170987,36.589188,-119.394821
1639170990,36.589405,-119.394257
1639170993,36.589367,-119.394608
1639170996,36.589848,-119.394585
1639170999,36.589848,-119.394585
1639171002,36.591057,-119.395042
1639171005,36.591057,-119.395042
1639171008,36.591057,-119.395042
1639171011,36.591057,-119.395042
1639171014,36.591057,-119.395042
1639171017,36.591057,-119.395042
1639171020,36.591057,-119.395042
1639171023,36.591057,-119.395042
1639171026,36.591057,-119.395042
1639171029,36.591057,-119.395042
1639171032,36.591057,-119.395042
1639171035,36.591057,-119.395042
1639171038,36.596939,-119.394577
1639171041,36.596939,-119.394577
1639171044,36.596939,-119.394577
1639171047,36.596939,-119.394577
1639171050,36.596939,-119.394577
1639171053,36.599987,-119.395073
1639171056,36.599987,-119.395081
1639171059,36.599987,-119.395081
1639171062,36.599987,-119.395081
1639171065,36.599987,-119.395081
1639171068,36.602802,-119.395149
1639171071,36.602966,-119.395081
1639171074,36.603668,-119.394691
1639171077,36.603668,-119.394691
1639171080,36.603668,-119.394691
1639171083,36.603668,-119.394691
1639171086,36.603668,-119.394691
1639171089,36.603668,-119.394691
1639171092,36.603668,-119.394691
1639171095,36.604546,-119.394203
1639171098,36.604534,-119.394203
1639171101,36.604534,-119.394203
1639171104,36.604534,-119.394203
1639171107,36.604534,-119.394203
1639171110,36.604534,-119.394203
1639171113,36.604534,-119.394203
1639171116,36.604534,-119.394203
1639171119,36.604534,-119.394203
1639171122,36.604534,-119.394203
1639171125,36.604534,-119.394203
1639171128,36.604534,-119.394203
1639171131,36.603455,-119.402000
1639171134,36.601925,-119.402466
1639171137,36.601768,-119.402512
1639171140,36.601768,-119.402512
1639171143,36.601768,-119.402512
1639171146,36.603725,-119.405350
1639171149,36.604053,-119.406723
1639171152,36.603889,-119.406532
1639171155,36.603889,-119.406532
1639171158,36.603889,-119.406532
1639171161,36.603756,-119.406258
1639171164,36.603943,-119.406174
1639171167,36.603970,-119.406174
1639171170,36.603970,-119.406174
1639171173,36.603970,-119.406174
1639171176,36.603725,-119.406265
1639171179,36.603725,-119.406265
1639171182,36.603577,-119.406174
1639171185,36.603577,-119.406174
1639171188,36.603577,-119.406174
1639171191,36.603577,-119.406174
1639171194,36.603577,-119.406174
1639171197,36.603577,-119.406174
1639171200,36.603577,-119.406174
1639171203,36.603577,-119.406174
1639171206,36.603577,-119.406174
1639171209,36.603577,-119.406174
1639171212,36.603577,-119.406174
1639171215,36.604099,-119.413017
1639171218,36.604099,-119.413017
1639171221,36.604107,-119.414978
1639171224,36.604107,-119.414978
1639171227,36.604107,-119.414978
1639171230,36.604107,-119.414978
1639171233,36.604107,-119.414978
1639171236,36.604107,-119.414978
1639171239,36.604107,-119.414978
1639171242,36.604107,-119.414978
1639171245,36.604107,-119.414978
1639171248,36.604107,-119.414978
1639171251,36.604107,-119.414978
1639171254,36.604107,-119.414978
1639171257,36.604107,-119.414978
1639171260,36.604107,-119.414978
1639171263,36.604107,-119.414978
1639171266,36.604107,-119.414978
1639171269,36.603966,-119.425987
1639171272,36.603966,-119.425987
1639171275,36.603966,-119.425987
1639171278,36.603966,-119.425987
1639171281,36.603966,-119.425987
1639171284,36.603966,-119.425987
1639171287,36.603966,-119.425987
1639171290,36.603966,-119.425987
1639171293,36.603966,-119.425987
1639171296,36.603966,-119.425987
1639171299,36.603966,-119.425987
1639171302,36.603966,-119.425987
1639171305,36.603966,-119.425987
1639171308,36.603966,-119.425987
1639171311,36.603966,-119.425987
1639171314,36.603966,-119.425987
1639171317,36.604305,-119.432213
1639171320,36.603634,-119.429184
1639171323,36.604275,-119.431442
1639171326,36.604275,-119.431442
1639171329,36.604275,-119.431442
1639171332,36.604275,-119.431442
1639171335,36.604282,-119.432060
1639171338,36.604279,-119.432152
1639171341,36.604259,-119.432182
1639171344,36.604259,-119.432182
1639171347,36.604259,-119.432182
1639171350,36.604259,-119.432182
1639171353,36.603901,-119.431442
1639171356,36.603889,-119.431404
1639171359,36.603905,-119.431442
1639171362,36.603905,-119.431442
1639171365,36.603905,-119.431442
1639171368,36.603905,-119.431442
1639171371,36.604099,-119.431915
1639171374,36.604214,-119.432091
1639171377,36.604275,-119.432182
1639171380,36.604275,-119.432182
1639171383,36.604275,-119.432182
1639171386,36.604275,-119.432182
1639171389,36.604328,-119.432266
1639171392,36.604259,-119.432167
1639171395,36.604263,-119.432159
1639171398,36.604263,-119.432159
1639171401,36.604263,-119.432159
1639171404,36.604263,-119.432159
1639171407,36.604301,-119.432236
1639171410,36.604317,-119.432358
1639171413,36.604347,-119.432549
1639171416,36.604347,-119.432549
1639171419,36.604347,-119.432549
1639171422,36.604347,-119.432549
1639171425,36.604229,-119.434303
1639171428,36.604221,-119.434616
1639171431,36.604221,-119.434860
1639171434,36.604221,-119.434860
1639171437,36.604221,-119.434860
1639171440,36.604221,-119.434860
1639171443,36.604221,-119.434860
1639171446,36.604191,-119.437180
1639171449,36.603939,-119.437996
1639171452,36.604214,-119.438301
1639171455,36.604214,-119.438301
1639171458,36.604214,-119.438301
1639171461,36.604214,-119.438301
1639171464,36.604614,-119.439064
1639171468,36.604843,-119.439247
1639171470,36.604843,-119.439407
1639171474,36.604843,-119.439407
1639171477,36.604370,-119.439728
1639171479,36.604225,-119.439774
1639171483,36.604134,-119.439919
1639171486,36.604134,-119.439919
1639171489,36.604134,-119.439919
1639171492,36.604286,-119.440704
1639171495,36.604134,-119.441284
1639171498,36.604229,-119.441788
1639171501,36.604229,-119.441788
1639171504,36.604229,-119.441788
1639171507,36.604183,-119.443268
1639171510,36.604233,-119.443939
1639171513,36.604202,-119.444244
1639171516,36.604202,-119.444244
1639171519,36.604202,-119.444244
1639171522,36.604202,-119.444244
1639171525,36.604000,-119.446068
1639171528,36.603966,-119.446365
1639171531,36.603992,-119.446671
1639171534,36.603992,-119.446671
1639171537,36.603992,-119.446671
1639171540,36.604343,-119.448128
1639171543,36.604343,-119.448128
1639171546,36.604343,-119.448128
1639171549,36.604343,-119.448128
1639171552,36.604343,-119.448128
1639171555,36.604839,-119.448860
1639171558,36.604897,-119.448639
1639171561,36.604897,-119.448639
1639171564,36.604897,-119.448639
1639171567,36.604897,-119.448639
1639171570,36.604897,-119.448639
1639171573,36.604897,-119.448639
1639171576,36.604897,-119.448639
1639171579,36.604897,-119.448639
1639171582,36.604897,-119.448639
1639171585,36.604897,-119.448639
1639171588,36.607639,-119.448555
1639171591,36.607742,-119.448746
1639171594,36.607746,-119.448730
1639171597,36.607746,-119.448730
1639171600,36.607746,-119.448730
1639171603,36.607746,-119.448730
1639171606,36.609264,-119.448792
1639171609,36.609623,-119.448868
1639171612,36.609695,-119.448853
1639171615,36.609695,-119.448853
1639171618,36.609695,-119.448853
1639171621,36.609695,-119.448853
1639171624,36.609604,-119.450081
1639171627,36.609604,-119.450081
1639171630,36.609604,-119.450081
1639171633,36.609554,-119.450905
1639171636,36.609554,-119.450905
1639171639,36.609554,-119.450905
1639171642,36.609554,-119.450905
1639171645,36.609554,-119.450905
1639171648,36.609554,-119.450905
1639171651,36.609554,-119.450905
1639171654,36.609554,-119.450905
1639171657,36.609554,-119.450905
1639171660,36.609554,-119.450905
1639171663,36.609554,-119.450905
1639171666,36.609554,-119.450905
1639171669,36.607830,-119.450645
1639171672,36.607880,-119.450485
1639171675,36.607880,-119.450485
1639171678,36.607677,-119.449585
1639171681,36.607677,-119.449585
1639171684,36.607677,-119.449585
1639171687,36.607677,-119.449585
1639171690,36.607677,-119.449585
1639171693,36.607677,-119.449585
1639171696,36.607677,-119.449585
1639171699,36.607677,-119.449585
1639171702,36.607677,-119.449585
1639171705,36.607677,-119.449585
1639171708,36.607677,-119.449585
1639171711,36.607677,-119.449585
1639171714,36.605679,-119.448853
1639171717,36.605259,-119.448654
1639171720,36.605259,-119.448654
1639171723,36.604630,-119.448959
1639171726,36.604630,-119.448959
1639171729,36.604630,-119.448959
1639171732,36.604313,-119.448906
1639171735,36.604313,-119.448906
1639171738,36.604313,-119.448906
1639171741,36.604313,-119.448906
1639171744,36.604313,-119.448906
1639171747,36.604313,-119.448906
1639171750,36.604313,-119.448906
1639171753,36.604313,-119.448906
1639171756,36.604313,-119.448906
1639171759,36.604313,-119.448906
1639171762,36.604313,-119.448906
1639171765,36.604313,-119.448906
1639171768,36.604317,-119.448769
1639171771,36.604298,-119.448769
1639171774,36.604298,-119.448753
1639171777,36.604298,-119.448753
1639171780,36.604298,-119.448753
1639171783,36.604298,-119.448753
1639171786,36.604298,-119.448753
1639171789,36.604118,-119.449409
1639171792,36.604065,-119.449959
1639171795,36.604179,-119.450302
1639171798,36.604179,-119.450302
1639171801,36.604179,-119.450302
1639171804,36.604179,-119.450302
1639171807,36.604435,-119.452461
1639171810,36.604507,-119.452896
1639171813,36.604500,-119.453194
1639171816,36.604500,-119.453194
1639171819,36.604500,-119.453194
1639171822,36.604500,-119.453194
1639171825,36.604500,-119.453194
1639171828,36.604065,-119.456543
1639171831,36.604286,-119.456627
1639171834,36.604183,-119.456696
1639171837,36.604183,-119.456696
1639171840,36.604183,-119.456696
1639171843,36.604183,-119.456696
1639171846,36.604183,-119.456696
1639171849,36.604244,-119.456985
1639171852,36.604191,-119.456833
1639171855,36.604145,-119.456863
1639171858,36.604145,-119.456863
1639171861,36.604145,-119.456863
1639171864,36.604145,-119.456863
1639171867,36.604122,-119.456955
1639171870,36.604122,-119.456955
1639171873,36.604149,-119.457085
1639171876,36.604149,-119.457085
1639171879,36.604149,-119.457085
1639171882,36.604149,-119.457085
1639171885,36.604149,-119.457085
1639171888,36.604149,-119.457085
1639171891,36.604149,-119.457085
1639171894,36.604149,-119.457085
1639171897,36.604149,-119.457085
1639171900,36.604149,-119.457085
1639171903,36.604149,-119.457085
1639171906,36.606094,-119.457253
1639171909,36.606392,-119.457413
1639171912,36.606422,-119.457420
1639171915,36.606422,-119.457420
1639171918,36.606422,-119.457420
1639171921,36.606422,-119.457420
1639171924,36.606522,-119.458633
1639171927,36.606445,-119.458763
1639171930,36.606407,-119.458893
1639171933,36.606407,-119.458893
1639171936,36.606407,-119.458893
1639171939,36.606407,-119.458893
1639171942,36.605762,-119.458855
1639171945,36.605743,-119.458755
1639171948,36.605698,-119.458656
1639171951,36.605698,-119.458656
1639171954,36.605698,-119.458656
1639171957,36.605698,-119.458656
1639171960,36.605675,-119.458572
1639171963,36.605667,-119.458595
1639171966,36.605701,-119.458626
1639171969,36.605701,-119.458626
1639171972,36.605701,-119.458626
1639171975,36.605701,-119.458626
1639171978,36.605751,-119.458588
1639171981,36.603424,-119.458527
1639171984,36.605869,-119.458405
1639171987,36.605869,-119.458405
1639171990,36.605869,-119.458405
1639171993,36.605869,-119.458405
1639171996,36.605705,-119.457703
1639171999,36.605679,-119.457741
1639172002,36.605347,-119.457718
1639172005,36.605347,-119.457718
1639172008,36.605347,-119.457718
1639172011,36.605347,-119.457718
1639172014,36.604370,-119.457718
1639172017,36.604149,-119.457672
1639172020,36.603821,-119.457756
1639172023,36.603821,-119.457756
1639172026,36.603821,-119.457756
1639172029,36.603821,-119.457756
1639172032,36.602886,-119.458366
1639172035,36.602600,-119.458328
1639172038,36.602230,-119.458412
1639172041,36.602230,-119.458412
1639172044,36.602230,-119.458412
1639172047,36.601402,-119.458290
1639172050,36.601158,-119.457573
1639172053,36.601234,-119.456902
1639172056,36.601234,-119.456902
1639172059,36.601234,-119.456902
1639172062,36.601234,-119.456902
1639172065,36.600784,-119.456200
1639172068,36.600567,-119.456337
1639172071,36.600655,-119.456314
1639172074,36.600655,-119.456314
1639172077,36.600655,-119.456314
1639172080,36.600803,-119.456276
1639172083,36.600803,-119.456276
1639172086,36.598515,-119.457382
1639172089,36.598515,-119.457382
1639172092,36.598541,-119.457596
1639172095,36.598331,-119.457550
1639172098,36.598125,-119.457710
1639172101,36.598125,-119.457710
1639172104,36.597198,-119.457932
1639172107,36.596825,-119.457932
1639172110,36.596489,-119.457878
1639172113,36.596489,-119.457878
1639172116,36.595783,-119.457642
1639172119,36.595406,-119.457672
1639172122,36.594868,-119.458000
1639172125,36.594868,-119.458000
1639172128,36.594177,-119.458076
1639172131,36.593933,-119.457497
1639172134,36.593468,-119.457756
1639172137,36.593468,-119.457756
1639172140,36.592754,-119.457794
1639172143,36.592583,-119.457802
1639172146,36.592297,-119.457687
1639172149,36.592297,-119.457687
1639172152,36.592045,-119.457451
1639172155,36.592007,-119.457359
1639172158,36.591911,-119.457314
1639172161,36.591911,-119.457314
1639172164,36.591911,-119.457314
1639172167,36.591911,-119.457314
1639172170,36.590172,-119.457382
1639172173,36.589752,-119.457382
1639172176,36.589752,-119.457382
1639172179,36.589752,-119.457382
1639172182,36.589752,-119.457382
1639172185,36.587582,-119.457375
1639172188,36.587273,-119.457367
1639172191,36.586967,-119.457336
1639172194,36.586967,-119.457336
1639172197,36.586052,-119.457130
1639172200,36.585575,-119.457115
1639172203,36.584995,-119.457375
1639172206,36.584995,-119.457375
1639172209,36.584461,-119.457474
1639172212,36.584465,-119.457535
1639172215,36.584362,-119.457603
1639172218,36.584362,-119.457603
1639172221,36.584099,-119.457588
1639172224,36.584099,-119.457588
1639172227,36.583809,-119.457512
1639172230,36.583809,-119.457512
1639172233,36.582615,-119.457458
1639172236,36.582199,-119.457451
1639172239,36.581657,-119.457504
1639172242,36.581657,-119.457504
1639172245,36.580894,-119.457443
1639172248,36.580788,-119.457573
1639172251,36.580788,-119.457573
1639172254,36.580711,-119.457527
1639172257,36.580700,-119.457481
1639172260,36.580654,-119.457138
1639172263,36.580643,-119.456772
1639172266,36.580643,-119.456772
1639172269,36.580643,-119.456772
1639172272,36.580643,-119.456772
1639172276,36.580643,-119.456772
1639172278,36.580643,-119.456772
1639172282,36.580643,-119.456772
1639172284,36.580643,-119.456772
1639172287,36.580643,-119.456772
1639172290,36.580597,-119.453972
1639172294,36.580681,-119.452980
1639172297,36.580666,-119.452934
1639172300,36.580666,-119.452934
1639172303,36.580666,-119.452934
1639172306,36.580666,-119.452934
1639172309,36.580666,-119.452934
1639172312,36.580666,-119.452934
1639172315,36.580666,-119.452934
1639172318,36.580666,-119.452934
1639172321,36.580669,-119.451118
1639172324,36.580669,-119.451118
1639172327,36.580669,-119.451118
1639172330,36.580669,-119.451118
1639172333,36.580669,-119.451118
1639172336,36.580669,-119.451118
1639172339,36.580669,-119.451118
1639172342,36.580669,-119.451118
1639172345,36.580669,-119.451118
1639172348,36.580669,-119.451118
1639172351,36.580925,-119.449081
1639172354,36.580669,-119.448906
1639172357,36.580669,-119.448906
1639172360,36.580669,-119.448906
1639172363,36.580669,-119.448906
1639172366,36.580669,-119.448906
1639172369,36.580669,-119.448906
1639172372,36.580669,-119.448906
1639172375,36.580669,-119.448906
1639172378,36.580669,-119.448906
1639172381,36.580669,-119.448906
1639172384,36.580669,-119.448906
1639172387,36.583294,-119.448845
1639172390,36.583382,-119.448914
1639172393,36.584045,-119.448975
1639172396,36.584045,-119.448975
1639172399,36.584045,-119.448975
1639172402,36.584045,-119.448975
1639172405,36.584663,-119.448616
1639172408,36.584820,-119.448624
1639172411,36.585144,-119.448959
1639172414,36.585144,-119.448959
1639172417,36.585144,-119.448959
1639172420,36.585144,-119.448959
1639172423,36.585144,-119.448959
1639172426,36.587532,-119.448860
1639172429,36.587532,-119.448860
1639172432,36.588276,-119.448776
1639172435,36.588276,-119.448776
1639172438,36.588276,-119.448776
1639172441,36.588276,-119.448776
1639172444,36.588276,-119.448776
1639172447,36.588276,-119.448776
1639172450,36.589581,-119.448601
1639172453,36.589581,-119.448601
1639172456,36.589581,-119.448601
1639172459,36.589581,-119.448601
1639172462,36.589581,-119.448601
1639172465,36.589581,-119.448601
1639172468,36.589581,-119.448601
1639172471,36.589581,-119.448601
1639172474,36.589581,-119.448601
1639172477,36.589581,-119.448601
1639172480,36.589581,-119.448601
1639172483,36.589581,-119.448601
1639172486,36.589756,-119.445618
1639172489,36.589756,-119.445618
1639172492,36.589756,-119.445618
1639172495,36.589756,-119.445618
1639172498,36.589756,-119.445618
1639172501,36.589794,-119.444725
1639172504,36.589794,-119.444725
1639172507,36.589794,-119.444725
1639172510,36.589794,-119.444725
1639172513,36.589794,-119.444725
1639172516,36.590412,-119.444229
1639172519,36.590412,-119.444229
1639172522,36.590412,-119.444229
1639172525,36.590412,-119.444229
1639172528,36.590412,-119.444229
1639172531,36.590412,-119.444229
1639172534,36.590412,-119.444229
1639172537,36.590412,-119.444229
1639172540,36.590412,-119.444229
1639172543,36.590412,-119.444229
1639172546,36.590412,-119.444229
1639172549,36.590412,-119.444229
1639172552,36.590340,-119.440674
1639172555,36.590542,-119.440598
1639172558,36.590549,-119.440559
1639172561,36.590549,-119.440559
1639172564,36.590549,-119.440559
1639172567,36.590584,-119.440002
1639172570,36.590450,-119.439819
1639172573,36.590343,-119.439743
1639172576,36.590343,-119.439743
1639172579,36.590343,-119.439743
1639172582,36.590343,-119.439743
1639172585,36.589886,-119.440445
1639172588,36.589779,-119.440536
1639172591,36.589779,-119.440536
1639172594,36.589779,-119.439980
1639172597,36.589779,-119.439980
1639172600,36.589779,-119.439980
1639172603,36.589779,-119.439980
1639172606,36.589779,-119.439980
1639172609,36.589779,-119.439980
1639172612,36.589779,-119.439980
1639172615,36.589779,-119.439980
1639172618,36.589779,-119.439980
1639172621,36.589779,-119.439980
1639172624,36.589779,-119.439980
1639172627,36.589779,-119.439980
1639172630,36.589939,-119.442467
1639172633,36.589661,-119.442856
1639172636,36.589428,-119.443161
1639172639,36.589428,-119.443161
1639172642,36.589428,-119.443161
1639172645,36.589428,-119.443161
1639172648,36.589600,-119.444000
1639172651,36.589680,-119.444115
1639172654,36.589703,-119.444244
1639172657,36.589703,-119.444244
1639172660,36.589703,-119.444244
1639172663,36.589703,-119.444244
1639172666,36.589703,-119.444244
1639172669,36.589703,-119.444244
1639172672,36.588013,-119.445435
1639172675,36.588013,-119.445435
1639172678,36.588013,-119.445435
1639172681,36.588013,-119.445435
1639172684,36.589672,-119.448036
1639172687,36.589569,-119.447975
1639172690,36.589569,-119.447975
1639172693,36.589569,-119.447975
1639172696,36.589569,-119.447975
1639172699,36.589790,-119.448334
1639172702,36.589787,-119.448380
1639172705,36.589828,-119.448517
1639172708,36.589828,-119.448517
1639172711,36.589828,-119.448517
1639172714,36.589149,-119.448830
1639172717,36.589149,-119.448830
1639172720,36.589149,-119.448830
1639172723,36.589149,-119.448830
1639172726,36.589149,-119.448830
1639172729,36.589149,-119.448830
1639172732,36.586678,-119.448792
1639172735,36.586678,-119.448792
1639172738,36.586678,-119.448792
1639172741,36.586678,-119.448792
1639172744,36.586678,-119.448792
1639172747,36.586678,-119.448792
1639172750,36.586678,-119.448792
1639172753,36.586678,-119.448792
1639172756,36.586678,-119.448792
1639172759,36.586678,-119.448792
1639172762,36.584122,-119.448868
1639172765,36.584122,-119.448868
1639172768,36.584122,-119.448868
1639172771,36.584122,-119.448868
1639172774,36.584122,-119.448868
1639172777,36.584122,-119.448868
1639172780,36.581547,-119.448845
1639172783,36.581547,-119.448845
1639172786,36.581547,-119.448845
1639172789,36.580166,-119.448814
1639172792,36.580166,-119.448814
1639172795,36.580166,-119.448814
1639172798,36.580166,-119.448814
1639172801,36.578125,-119.448822
1639172804,36.578125,-119.448822
1639172807,36.578125,-119.448822
1639172810,36.578125,-119.448822
1639172813,36.578125,-119.448822
1639172816,36.578125,-119.448822
1639172819,36.578125,-119.448822
1639172822,36.578125,-119.448822
1639172825,36.578125,-119.448822
1639172828,36.578125,-119.448822
1639172831,36.578125,-119.448822
1639172834,36.578125,-119.448822
1639172837,36.571213,-119.449303
1639172840,36.571213,-119.449310
1639172843,36.571213,-119.449310
1639172846,36.571213,-119.449310
1639172849,36.569958,-119.446915
1639172852,36.569958,-119.446915
1639172855,36.569958,-119.446915
1639172858,36.569958,-119.446915
1639172861,36.569958,-119.446915
1639172864,36.566704,-119.447960
1639172867,36.566704,-119.447960
1639172870,36.566704,-119.447960
1639172873,36.566704,-119.447960
1639172876,36.566704,-119.447960
1639172879,36.566704,-119.447960
1639172882,36.566704,-119.447960
1639172885,36.566704,-119.447960
1639172888,36.561272,-119.449005
1639172891,36.560806,-119.448624
1639172894,36.560806,-119.448624
1639172897,36.560806,-119.448624
1639172900,36.560806,-119.448624
1639172903,36.560806,-119.448624
1639172906,36.560806,-119.448624
1639172909,36.560806,-119.448624
1639172912,36.560806,-119.448624
1639172915,36.560806,-119.448624
1639172918,36.560806,-119.448624
1639172921,36.560806,-119.448624
1639172924,36.560806,-119.448624
1639172927,36.560806,-119.448624
1639172930,36.560806,-119.448624
1639172933,36.560806,-119.448624
1639172936,36.560806,-119.448624
1639172939,36.560806,-119.448624
1639172942,36.560806,-119.448624
1639172945,36.560806,-119.448624
1639172948,36.560806,-119.448624
1639172951,36.560806,-119.448624
1639172954,36.560806,-119.448624
1639172957,36.560806,-119.448624
1639172960,36.560806,-119.448624
1639172963,36.560806,-119.448624
1639172966,36.560806,-119.448624
1639172969,36.560806,-119.448624
1639172972,36.560806,-119.448624
1639172975,36.560806,-119.448624
1639172978,36.560806,-119.448624
1639172981,36.560806,-119.448624
1639172984,36.560806,-119.448624
1639172987,36.560806,-119.448624
1639172990,36.560806,-119.448624
1639172993,36.560806,-119.448624
1639172996,36.560806,-119.448624
1639172999,36.560806,-119.448624
1639173002,36.560806,-119.448624
1639173005,36.560806,-119.448624
1639173008,36.560806,-119.448624
1639173011,36.560806,-119.448624
1639173014,36.560806,-119.448624
1639173017,36.560806,-119.448624
1639173020,36.560806,-119.448624
1639173023,36.560806,-119.448624
1639173026,36.560806,-119.448624
1639173029,36.560806,-119.448624
1639173032,36.560806,-119.448624
1639173035,36.560806,-119.448624
1639173038,36.560806,-119.448624
1639173041,36.560806,-119.448624
1639173044,36.560806,-119.448624
1639173047,36.560806,-119.448624
1639173050,36.560806,-119.448624
1639173053,36.560806,-119.448624
1639173056,36.560806,-119.448624
1639173059,36.560806,-119.448624
1639173062,36.560806,-119.448624
1639173065,36.560806,-119.448624
1639173068,36.560806,-119.448624
1639173071,36.545544,-119.439026
1639173074,36.545525,-119.438309
1639173077,36.545525,-119.438309
1639173080,36.545525,-119.438309
1639173083,36.545525,-119.438309
1639173086,36.545525,-119.438309
1639173089,36.545525,-119.438309
1639173092,36.546528,-119.433876
1639173095,36.546509,-119.433868
1639173098,36.546532,-119.433784
1639173101,36.546532,-119.433784
1639173104,36.546539,-119.432983
1639173107,36.546539,-119.432983
1639173110,36.546581,-119.426643
1639173113,36.546581,-119.426643
1639173117,36.546581,-119.426643
1639173120,36.546581,-119.426643
1639173123,36.546581,-119.426643
1639173126,36.546581,-119.426643
1639173129,36.546581,-119.426643
1639173132,36.546581,-119.426643
1639173135,36.546581,-119.426643
1639173138,36.546581,-119.426643
1639173141,36.546131,-119.424339
1639173144,36.545891,-119.424095
1639173147,36.545933,-119.423889
1639173150,36.545933,-119.423889
1639173153,36.545933,-119.423889
1639173156,36.545933,-119.423889
1639173159,36.546185,-119.420464
1639173162,36.546368,-119.420242
1639173165,36.546432,-119.420105
1639173168,36.546432,-119.420105
1639173171,36.546432,-119.420105
1639173174,36.546432,-119.420105
1639173177,36.546432,-119.420105
1639173180,36.546432,-119.420105
1639173183,36.546432,-119.420105
1639173186,36.546432,-119.420105
1639173189,36.546432,-119.420105
1639173192,36.546432,-119.420105
1639173195,36.546001,-119.413483
1639173198,36.545658,-119.412567
1639173201,36.545727,-119.412628
1639173204,36.545727,-119.412628
1639173207,36.545727,-119.412628
1639173210,36.545727,-119.412628
1639173213,36.545776,-119.412735
1639173216,36.545757,-119.412682
1639173219,36.545727,-119.412628
1639173222,36.545727,-119.412628
1639173225,36.545727,-119.412628
1639173228,36.545727,-119.412628
1639173231,36.545654,-119.412079
1639173234,36.545860,-119.411842
1639173237,36.545837,-119.411324
1639173240,36.545837,-119.411324
1639173243,36.545837,-119.411324
1639173246,36.545837,-119.411324
1639173249,36.545609,-119.408150
1639173252,36.545509,-119.407768
1639173255,36.545570,-119.407593
1639173258,36.545570,-119.407593
1639173261,36.545570,-119.407593
1639173264,36.545570,-119.407593
1639173267,36.545570,-119.407593
1639173270,36.546139,-119.404930
1639173273,36.546192,-119.404121
1639173276,36.546150,-119.404198
1639173279,36.546150,-119.404198
1639173282,36.546150,-119.404198
1639173285,36.546150,-119.404198
1639173288,36.546150,-119.404198
1639173291,36.544216,-119.404221
1639173294,36.544216,-119.404221
1639173297,36.544216,-119.404221
1639173300,36.543453,-119.404243
1639173303,36.543453,-119.404243
1639173306,36.543453,-119.404243
1639173309,36.543453,-119.404243
1639173312,36.543453,-119.404243
1639173315,36.543453,-119.404243
1639173318,36.543453,-119.404243
1639173321,36.543453,-119.404243
1639173324,36.543453,-119.404243
1639173327,36.543453,-119.404243
1639173330,36.543453,-119.404243
1639173333,36.543453,-119.404243
1639173336,36.542969,-119.406204
1639173339,36.543129,-119.404251
1639173342,36.543308,-119.404976
1639173345,36.543308,-119.404976
1639173348,36.543308,-119.404976
1639173351,36.541061,-119.404587
1639173354,36.542881,-119.402603
1639173357,36.542854,-119.403091
1639173360,36.542854,-119.403091
1639173363,36.542854,-119.403091
1639173366,36.542854,-119.403091
1639173369,36.542809,-119.402237
1639173372,36.542809,-119.402016
1639173375,36.542809,-119.402016
1639173378,36.542809,-119.402016
1639173381,36.542809,-119.402016
1639173384,36.543415,-119.401848
1639173387,36.543415,-119.401848
1639173390,36.542244,-119.397636
1639173393,36.542244,-119.397636
1639173396,36.542244,-119.397636
1639173399,36.541798,-119.396500
1639173402,36.541798,-119.396500
1639173405,36.541798,-119.396500
1639173408,36.541798,-119.396500
1639173411,36.541798,-119.396500
1639173414,36.541798,-119.396500
1639173417,36.541798,-119.396500
1639173420,36.541798,-119.396500
1639173423,36.541798,-119.396500
1639173426,36.541798,-119.396500
1639173429,36.541798,-119.396500
1639173432,36.541798,-119.396500
1639173435,36.541798,-119.396500
1639173438,36.541798,-119.396500
1639173441,36.541798,-119.396500
1639173444,36.541565,-119.395477
1639173447,36.541855,-119.395149
1639173450,36.541943,-119.394981
1639173453,36.541943,-119.394981
1639173456,36.541943,-119.394981
1639173459,36.541866,-119.394997
1639173462,36.541866,-119.394997
1639173465,36.541866,-119.394997
1639173468,36.541866,-119.394997
1639173471,36.541866,-119.394997
1639173474,36.541916,-119.394623
1639173477,36.542027,-119.394760
1639173480,36.542027,-119.394760
1639173483,36.542027,-119.394760
1639173486,36.542027,-119.394760
1639173489,36.542294,-119.394371
1639173492,36.542755,-119.394302
1639173495,36.543236,-119.394241
1639173498,36.543236,-119.394241
1639173501,36.543236,-119.394241
1639173504,36.543236,-119.394241
1639173507,36.544273,-119.394646
1639173510,36.544830,-119.394539
1639173513,36.544971,-119.394417
1639173516,36.544971,-119.394417
1639173519,36.544971,-119.394417
1639173522,36.544971,-119.394417
1639173525,36.543987,-119.393982
1639173528,36.543743,-119.393814
1639173531,36.543583,-119.393478
1639173534,36.543583,-119.393478
1639173537,36.543583,-119.393478
1639173540,36.543583,-119.393478
1639173543,36.543583,-119.393478
1639173546,36.542313,-119.391769
1639173549,36.541939,-119.391586
1639173552,36.541939,-119.391586
1639173555,36.541931,-119.391571
1639173558,36.541935,-119.391586
1639173561,36.541935,-119.391586
1639173564,36.541935,-119.391586
1639173567,36.542381,-119.392975
1639173570,36.542381,-119.392975
1639173573,36.542381,-119.392975
1639173576,36.542381,-119.392975
1639173579,36.542381,-119.392975
1639173582,36.542381,-119.392975
1639173585,36.542381,-119.392975
1639173588,36.542381,-119.392975
1639173591,36.542381,-119.392975
1639173594,36.542381,-119.392975
1639173597,36.542381,-119.392975
1639173600,36.542603,-119.392174
1639173603,36.542458,-119.392357
1639173606,36.542515,-119.392296
1639173609,36.542515,-119.392296
1639173612,36.542515,-119.392296
1639173615,36.542515,-119.392296
1639173618,36.542515,-119.392296
1639173621,36.541687,-119.392487
1639173624,36.541687,-119.392487
1639173627,36.541626,-119.392494
1639173630,36.541626,-119.392494
1639173633,36.541626,-119.392494
1639173636,36.541626,-119.392494
1639173639,36.541603,-119.392769
1639173642,36.541603,-119.392769
1639173645,36.541603,-119.392769
1639173648,36.541603,-119.392769
1639173651,36.541603,-119.392769
1639173654,36.541603,-119.392769
1639173657,36.541603,-119.392769
1639173660,36.541603,-119.392769
1639173663,36.541603,-119.392769
1639173666,36.541603,-119.392769
1639173669,36.541603,-119.392769
1639173672,36.541603,-119.392769
1639173675,36.542786,-119.392372
1639173678,36.542595,-119.392250
1639173681,36.542583,-119.392082
1639173684,36.542583,-119.392082
1639173687,36.541977,-119.391457
1639173690,36.541977,-119.391457
1639173693,36.541977,-119.391457
1639173696,36.541977,-119.391457
1639173699,36.541977,-119.391457
1639173702,36.541977,-119.391457
1639173705,36.541977,-119.391457
1639173708,36.541977,-119.391457
1639173711,36.541977,-119.391457
1639173714,36.541977,-119.391457
1639173717,36.541977,-119.391457
1639173720,36.541977,-119.391457
1639173723,36.541153,-119.390106
1639173726,36.541142,-119.390091
1639173729,36.541100,-119.390007
1639173732,36.541100,-119.390007
1639173735,36.541100,-119.390007
1639173738,36.541100,-119.390007
1639173741,36.541100,-119.390007
1639173744,36.541100,-119.390007
1639173747,36.541100,-119.390007
1639173750,36.539719,-119.389099
1639173753,36.539719,-119.389099
1639173756,36.539719,-119.389099
1639173759,36.539719,-119.389099
1639173762,36.539719,-119.389099
1639173765,36.538963,-119.388084
1639173768,36.538937,-119.388054
1639173771,36.538937,-119.388054
1639173774,36.538937,-119.388054
1639173777,36.538937,-119.388054
1639173780,36.538937,-119.388054
1639173783,36.538937,-119.388054
1639173786,36.538937,-119.388054
1639173789,36.538937,-119.388054
1639173792,36.538937,-119.388054
1639173795,36.538937,-119.388054
1639173798,36.538937,-119.388054
1639173801,36.535637,-119.386063
1639173804,36.535686,-119.385971
1639173807,36.535686,-119.385971
1639173810,36.535686,-119.385971
1639173813,36.535686,-119.385971
1639173816,36.535194,-119.385712
1639173819,36.534973,-119.385597
1639173822,36.534775,-119.385506
1639173825,36.534775,-119.385506
1639173828,36.534775,-119.385506
1639173831,36.534042,-119.385910
1639173834,36.533749,-119.385864
1639173837,36.533474,-119.385872
1639173840,36.533474,-119.385872
1639173843,36.533474,-119.385872
1639173846,36.533474,-119.385872
1639173849,36.533474,-119.385872
1639173852,36.531696,-119.386009
1639173855,36.531357,-119.386017
1639173858,36.531273,-119.386147
1639173861,36.531273,-119.386147
1639173864,36.531273,-119.386147
1639173867,36.531273,-119.386147
1639173870,36.531273,-119.386147
1639173873,36.531097,-119.385536
1639173876,36.531097,-119.385536
1639173879,36.531082,-119.385345
1639173882,36.531082,-119.385345
1639173885,36.531082,-119.385345
1639173888,36.531082,-119.385345
1639173891,36.531082,-119.385345
1639173894,36.530910,-119.383904
1639173897,36.530880,-119.383751
1639173900,36.530880,-119.383751
1639173903,36.530880,-119.383751
1639173906,36.530880,-119.383751
