1639148757,36.542107,-119.392982
1639148760,36.542381,-119.393234
1639148763,36.542202,-119.393082
1639148766,36.542278,-119.393188
1639148769,36.542278,-119.393188
1639148772,36.542492,-119.393471
1639148775,36.542492,-119.393471
1639148778,36.542492,-119.393471
1639148781,36.542381,-119.393326
1639148784,36.542309,-119.393440
1639148787,36.542309,-119.393440
1639148790,36.542309,-119.393440
1639148793,36.542507,-119.393631
1639148796,36.542507,-119.393631
1639148799,36.542549,-119.393677
1639148802,36.542549,-119.393677
1639148805,36.542553,-119.393684
1639148808,36.542519,-119.393585
1639148811,36.542519,-119.393585
1639148814,36.542450,-119.393509
1639148817,36.542450,-119.393509
1639148820,36.542198,-119.393845
1639148823,36.542198,-119.393845
1639148826,36.542198,-119.393845
1639148829,36.542187,-119.393791
1639148832,36.541985,-119.394417
1639148835,36.541985,-119.394417
1639148838,36.541874,-119.394775
1639148841,36.541874,-119.394775
1639148844,36.541729,-119.395172
1639148847,36.541866,-119.395432
1639148850,36.541725,-119.395554
1639148853,36.541725,-119.395554
1639148856,36.541561,-119.395645
1639148859,36.541462,-119.395493
1639148862,36.541504,-119.395576
1639148865,36.541504,-119.395576
1639148868,36.541805,-119.395821
1639148871,36.541805,-119.395821
1639148874,36.543457,-119.401474
1639148877,36.543457,-119.401474
1639148880,36.543457,-119.401466
1639148883,36.543457,-119.401466
1639148886,36.546120,-119.400154
1639148889,36.546120,-119.400154
1639148892,36.542816,-119.402306
1639148895,36.543102,-119.401703
1639148898,36.543015,-119.401764
1639148901,36.543015,-119.401764
1639148904,36.542915,-119.401955
1639148907,36.542915,-119.401955
1639148910,36.542469,-119.402794
1639148913,36.542469,-119.402794
1639148916,36.542461,-119.403259
1639148919,36.542454,-119.403671
1639148922,36.542542,-119.404022
1639148925,36.542542,-119.404022
1639148928,36.542843,-119.404160
1639148931,36.542892,-119.403915
1639148934,36.542973,-119.403557
1639148937,36.542973,-119.403557
1639148940,36.543159,-119.403557
1639148943,36.543430,-119.403725
1639148946,36.543827,-119.404129
1639148949,36.543827,-119.404129
1639148952,36.544106,-119.404442
1639148955,36.544048,-119.404411
1639148958,36.543938,-119.404442
1639148961,36.543938,-119.404442
1639148964,36.543991,-119.404198
1639148967,36.543537,-119.404305
1639148970,36.543808,-119.404419
1639148973,36.543808,-119.404419
1639148976,36.544846,-119.404198
1639148979,36.545113,-119.403900
1639148982,36.545364,-119.403824
1639148985,36.545364,-119.403824
1639148988,36.546024,-119.403679
1639148991,36.546196,-119.403900
1639148994,36.546234,-119.403992
1639148997,36.546234,-119.403992
1639149000,36.546291,-119.404144
1639149003,36.546280,-119.404251
1639149006,36.546146,-119.403969
1639149009,36.546146,-119.403969
1639149012,36.546120,-119.403809
1639149015,36.546177,-119.403877
1639149018,36.546242,-119.403992
1639149021,36.546242,-119.403992
1639149024,36.546036,-119.405258
1639149027,36.545986,-119.405495
1639149030,36.546196,-119.406128
1639149033,36.546196,-119.406128
1639149036,36.545708,-119.407562
1639149039,36.545559,-119.408112
1639149042,36.545448,-119.408218
1639149045,36.545448,-119.408218
1639149048,36.546097,-119.409828
1639149051,36.546257,-119.410721
1639149054,36.546600,-119.411392
1639149057,36.546600,-119.411392
1639149060,36.546799,-119.412750
1639149063,36.546490,-119.413239
1639149066,36.546082,-119.413116
1639149069,36.546082,-119.413116
1639149072,36.546326,-119.409889
1639149075,36.546631,-119.412560
1639149078,36.546715,-119.412560
1639149081,36.546715,-119.412560
1639149084,36.546997,-119.412575
1639149087,36.547115,-119.412590
1639149090,36.547188,-119.412567
1639149093,36.547188,-119.412567
1639149096,36.547276,-119.412575
1639149099,36.547230,-119.412590
1639149102,36.547169,-119.412544
1639149105,36.547169,-119.412544
1639149108,36.547188,-119.412514
1639149111,36.547169,-119.412544
1639149114,36.547146,-119.412567
1639149117,36.547146,-119.412567
1639149120,36.547211,-119.412560
1639149123,36.547215,-119.412575
1639149126,36.547192,-119.412567
1639149129,36.547192,-119.412567
1639149132,36.547333,-119.412712
1639149135,36.547390,-119.412727
1639149138,36.547546,-119.412743
1639149141,36.547546,-119.412743
1639149144,36.548191,-119.412666
1639149147,36.548771,-119.412560
1639149151,36.549080,-119.412537
1639149153,36.549080,-119.412537
1639149156,36.549530,-119.412468
1639149159,36.549538,-119.412430
1639149162,36.549423,-119.412346
1639149166,36.549423,-119.412346
1639149169,36.549431,-119.411980
1639149172,36.549366,-119.411438
1639149175,36.549335,-119.411003
1639149178,36.549335,-119.411003
1639149181,36.549381,-119.410446
1639149184,36.549442,-119.410324
1639149187,36.549500,-119.410271
1639149190,36.549500,-119.410271
1639149193,36.549992,-119.410255
1639149196,36.550083,-119.410248
1639149199,36.550091,-119.410156
1639149202,36.550091,-119.410156
1639149205,36.549999,-119.409775
1639149208,36.549999,-119.409584
1639149211,36.549999,-119.409187
1639149214,36.549999,-119.409187
1639149217,36.549839,-119.408417
1639149220,36.549885,-119.407883
1639149223,36.550156,-119.407333
1639149226,36.550156,-119.407333
1639149229,36.550049,-119.406525
1639149232,36.549870,-119.406387
1639149235,36.549824,-119.406334
1639149238,36.549824,-119.406334
1639149241,36.549782,-119.406372
1639149244,36.549740,-119.406342
1639149247,36.549656,-119.406349
1639149250,36.549656,-119.406349
1639149253,36.549561,-119.406090
1639149256,36.549427,-119.405602
1639149259,36.549244,-119.405151
1639149262,36.549244,-119.405151
1639149265,36.549278,-119.404770
1639149268,36.549252,-119.404282
1639149271,36.549248,-119.404083
1639149274,36.549248,-119.404083
1639149277,36.549194,-119.404251
1639149280,36.549129,-119.404297
1639149283,36.549015,-119.404228
1639149286,36.549015,-119.404228
1639149289,36.548347,-119.404037
1639149292,36.548004,-119.404099
1639149295,36.547733,-119.404366
1639149298,36.547733,-119.404366
1639149301,36.547295,-119.404350
1639149304,36.547073,-119.404282
1639149307,36.546764,-119.404274
1639149310,36.546764,-119.404274
1639149313,36.546173,-119.404137
1639149316,36.546116,-119.403816
1639149319,36.546040,-119.403816
1639149322,36.546093,-119.403465
1639149325,36.546093,-119.403465
1639149328,36.546062,-119.402664
1639149331,36.546062,-119.402573
1639149334,36.546062,-119.402145
1639149337,36.546059,-119.401787
1639149340,36.546135,-119.400612
1639149343,36.546135,-119.400612
1639149346,36.546089,-119.399895
1639149349,36.546074,-119.399231
1639149352,36.546089,-119.398682
1639149355,36.546089,-119.398682
1639149358,36.546108,-119.398537
1639149361,36.546021,-119.402908
1639149364,36.546104,-119.398605
1639149367,36.546104,-119.398605
1639149370,36.546104,-119.398605
1639149373,36.546116,-119.398384
1639149376,36.546104,-119.398407
1639149379,36.546104,-119.398407
1639149382,36.545898,-119.397209
1639149385,36.546116,-119.400154
1639149388,36.545063,-119.395302
1639149391,36.545063,-119.395302
1639149394,36.545403,-119.395020
1639149397,36.545494,-119.395058
1639149400,36.545902,-119.395111
1639149403,36.545902,-119.395111
1639149406,36.545902,-119.395111
1639149409,36.546257,-119.394997
1639149412,36.546261,-119.394989
1639149415,36.546261,-119.394989
1639149418,36.546089,-119.394943
1639149421,36.546001,-119.394943
1639149424,36.545948,-119.394859
1639149427,36.545948,-119.394859
1639149430,36.545719,-119.394867
1639149433,36.545719,-119.394867
1639149436,36.545692,-119.394905
1639149439,36.545692,-119.394905
1639149442,36.545788,-119.394646
1639149445,36.545856,-119.394463
1639149448,36.546535,-119.394760
1639149451,36.546535,-119.394760
1639149454,36.547562,-119.395241
1639149457,36.547943,-119.395287
1639149460,36.548294,-119.395119
1639149463,36.548294,-119.395119
1639149466,36.549129,-119.395248
1639149469,36.549595,-119.395279
1639149472,36.550159,-119.395218
1639149475,36.550159,-119.395218
1639149478,36.551056,-119.395088
1639149481,36.551392,-119.395050
1639149484,36.551617,-119.394684
1639149487,36.551617,-119.394684
1639149490,36.551617,-119.394684
1639149493,36.552750,-119.395050
1639149496,36.552837,-119.395058
1639149499,36.552837,-119.395058
1639149502,36.553375,-119.395096
1639149505,36.553738,-119.395279
1639149508,36.554165,-119.395386
1639149511,36.554165,-119.395386
1639149514,36.554840,-119.395523
1639149517,36.555061,-119.395500
1639149520,36.555367,-119.395302
1639149523,36.555367,-119.395302
1639149526,36.555859,-119.392509
1639149529,36.556454,-119.394829
1639149532,36.556511,-119.394943
1639149535,36.556511,-119.394943
1639149538,36.556499,-119.395012
1639149541,36.556568,-119.395050
1639149544,36.556629,-119.395058
1639149547,36.556629,-119.395058
1639149550,36.556557,-119.393021
1639149553,36.556446,-119.392250
1639149556,36.556370,-119.391899
1639149559,36.556370,-119.391899
1639149562,36.556511,-119.391068
1639149565,36.556541,-119.390869
1639149568,36.556545,-119.390755
1639149571,36.556545,-119.390755
1639149574,36.556473,-119.390434
1639149577,36.556496,-119.390488
1639149580,36.556465,-119.390511
1639149583,36.556465,-119.390511
1639149586,36.556217,-119.390778
1639149589,36.555939,-119.390442
1639149592,36.555748,-119.390388
1639149595,36.555748,-119.390388
1639149598,36.555157,-119.390320
1639149601,36.554867,-119.390541
1639149604,36.554653,-119.390854
1639149607,36.554653,-119.390854
1639149610,36.554085,-119.390839
1639149613,36.553856,-119.390800
1639149616,36.553703,-119.390755
1639149619,36.553703,-119.390755
1639149622,36.553673,-119.390755
1639149625,36.553669,-119.390724
1639149628,36.553684,-119.390686
1639149631,36.553684,-119.390686
1639149634,36.553848,-119.390800
1639149637,36.553883,-119.390869
1639149640,36.553837,-119.390808
1639149643,36.553837,-119.390808
1639149646,36.553612,-119.390678
1639149649,36.553532,-119.390686
1639149652,36.553448,-119.390663
1639149655,36.553448,-119.390663
1639149658,36.553364,-119.390579
1639149661,36.553329,-119.390594
1639149664,36.553352,-119.390610
1639149667,36.553352,-119.390610
1639149670,36.553150,-119.391251
1639149673,36.553246,-119.391479
1639149676,36.553310,-119.391670
1639149679,36.553310,-119.391670
1639149682,36.553226,-119.392937
1639149685,36.553226,-119.392937
1639149688,36.553230,-119.394028
1639149691,36.553192,-119.394356
1639149694,36.553158,-119.394775
1639149697,36.553158,-119.394775
1639149700,36.553181,-119.394989
1639149703,36.553219,-119.395348
1639149706,36.553154,-119.395241
1639149709,36.553078,-119.395241
1639149712,36.553078,-119.395241
1639149715,36.552734,-119.394951
1639149718,36.552517,-119.394806
1639149721,36.552383,-119.394791
1639149724,36.552383,-119.394791
1639149727,36.552292,-119.394890
1639149730,36.552132,-119.394890
1639149733,36.551922,-119.394905
1639149736,36.551922,-119.394905
1639149739,36.551605,-119.394859
1639149742,36.553806,-119.395721
1639149745,36.553814,-119.395721
1639149748,36.553814,-119.395721
1639149751,36.553276,-119.398125
1639149754,36.552998,-119.398277
1639149757,36.553143,-119.398788
1639149760,36.553143,-119.398788
1639149763,36.553375,-119.399612
1639149766,36.553581,-119.399849
1639149769,36.553555,-119.399826
1639149772,36.553555,-119.399826
1639149775,36.553032,-119.400185
1639149778,36.553020,-119.400337
1639149781,36.553143,-119.400581
1639149784,36.553143,-119.400581
1639149787,36.553276,-119.401749
1639149790,36.553276,-119.401749
1639149793,36.553387,-119.402748
1639149796,36.553387,-119.402748
1639149799,36.553429,-119.403236
1639149802,36.553364,-119.403671
1639149805,36.553303,-119.403976
1639149808,36.553303,-119.403976
1639149811,36.553387,-119.404129
1639149814,36.553455,-119.404167
1639149817,36.553867,-119.404205
1639149820,36.553867,-119.404205
1639149823,36.554745,-119.404060
1639149826,36.555077,-119.403976
1639149829,36.555401,-119.403954
1639149832,36.555401,-119.403954
1639149835,36.556198,-119.403923
1639149838,36.556736,-119.403931
1639149841,36.557022,-119.404007
1639149844,36.557022,-119.404007
1639149847,36.557705,-119.401215
1639149850,36.557098,-119.404266
1639149853,36.557240,-119.404266
1639149856,36.557240,-119.404266
1639149859,36.557590,-119.404480
1639149862,36.557720,-119.401306
1639149865,36.559849,-119.405075
1639149868,36.559849,-119.405075
1639149871,36.559849,-119.405075
1639149874,36.560333,-119.404289
1639149877,36.560326,-119.404289
1639149880,36.560326,-119.404289
1639149883,36.560379,-119.404266
1639149886,36.560452,-119.404175
1639149889,36.560497,-119.403755
1639149892,36.560497,-119.403755
1639149895,36.560524,-119.403328
1639149898,36.560539,-119.403191
1639149901,36.560635,-119.402725
1639149904,36.560635,-119.402725
1639149907,36.560261,-119.401138
1639149910,36.560177,-119.400612
1639149913,36.560116,-119.400230
1639149916,36.560116,-119.400230
1639149919,36.560070,-119.399292
1639149922,36.560215,-119.399345
1639149925,36.560085,-119.399437
1639149928,36.560085,-119.399437
1639149931,36.559811,-119.399384
1639149934,36.559345,-119.399681
1639149937,36.559082,-119.399750
1639149940,36.559082,-119.399750
1639149943,36.558163,-119.399872
1639149946,36.558056,-119.399902
1639149949,36.557899,-119.399956
1639149952,36.557899,-119.399956
1639149955,36.557545,-119.400024
1639149958,36.557320,-119.399948
1639149961,36.557175,-119.399933
1639149964,36.557175,-119.399933
1639149967,36.556461,-119.399544
1639149970,36.556149,-119.399483
1639149973,36.555843,-119.399551
1639149976,36.555843,-119.399551
1639149979,36.555191,-119.399673
1639149982,36.555092,-119.399719
1639149985,36.555058,-119.399734
1639149988,36.555058,-119.399734
1639149991,36.555058,-119.399734
1639149994,36.554527,-119.399635
1639149997,36.554489,-119.399620
1639150000,36.554489,-119.399620
1639150003,36.554066,-119.399582
1639150006,36.553699,-119.399620
1639150009,36.553497,-119.399635
1639150012,36.553497,-119.399635
1639150016,36.553288,-119.399666
1639150018,36.553230,-119.399574
1639150021,36.553329,-119.399597
1639150024,36.553329,-119.399597
1639150028,36.553242,-119.398735
1639150030,36.553242,-119.398735
1639150034,36.553146,-119.397926
1639150037,36.553146,-119.397926
1639150040,36.553047,-119.397583
1639150043,36.552959,-119.397285
1639150046,36.550388,-119.397148
1639150049,36.550388,-119.397148
1639150052,36.551731,-119.394882
1639150055,36.551643,-119.394768
1639150058,36.551746,-119.394775
1639150061,36.551746,-119.394775
1639150064,36.552032,-119.394791
1639150067,36.552025,-119.394753
1639150070,36.551708,-119.394722
1639150073,36.551708,-119.394722
1639150076,36.551201,-119.394897
1639150079,36.550785,-119.394943
1639150082,36.550362,-119.395287
1639150085,36.550362,-119.395287
1639150088,36.549492,-119.395294
1639150091,36.549118,-119.395264
1639150094,36.549118,-119.395264
1639150097,36.547955,-119.395279
1639150100,36.547863,-119.395287
1639150103,36.547462,-119.395302
1639150106,36.547112,-119.395317
1639150109,36.546783,-119.395241
1639150112,36.546394,-119.395126
1639150115,36.546181,-119.395004
1639150118,36.546181,-119.395004
1639150121,36.546162,-119.394958
1639150124,36.546158,-119.394951
1639150127,36.546200,-119.394958
1639150130,36.546200,-119.394958
1639150133,36.546230,-119.394928
1639150136,36.546257,-119.394943
1639150139,36.546196,-119.394867
1639150142,36.546196,-119.394867
1639150145,36.545582,-119.394981
1639150148,36.545174,-119.394928
1639150151,36.545040,-119.394989
1639150154,36.545040,-119.394989
1639150157,36.544834,-119.394745
1639150160,36.544804,-119.394386
1639150163,36.544621,-119.394218
1639150166,36.544621,-119.394218
1639150169,36.543995,-119.393959
1639150172,36.543797,-119.393837
1639150175,36.543610,-119.393509
1639150178,36.543610,-119.393509
1639150181,36.543045,-119.393074
1639150184,36.542759,-119.392647
1639150187,36.542564,-119.392113
1639150190,36.542564,-119.392113
1639150193,36.542110,-119.391693
1639150196,36.542023,-119.391479
1639150199,36.541935,-119.391373
1639150202,36.541935,-119.391373
1639150205,36.541771,-119.391434
1639150208,36.541824,-119.391533
1639150211,36.541897,-119.391624
1639150214,36.541897,-119.391624
1639150217,36.541920,-119.391670
1639150220,36.541862,-119.391624
1639150223,36.541935,-119.391830
1639150226,36.541935,-119.391830
1639150229,36.542091,-119.392357
1639150232,36.542091,-119.392357
1639150235,36.541710,-119.393028
1639150238,36.541710,-119.393028
1639150241,36.541771,-119.393082
1639150244,36.541821,-119.393120
1639150247,36.541908,-119.393127
1639150250,36.541908,-119.393127
1639150253,36.542187,-119.393097
1639150256,36.542252,-119.393150
1639150259,36.542171,-119.393021
1639150262,36.542171,-119.393021
1639150265,36.542294,-119.393112
1639150268,36.542206,-119.393005
1639150271,36.542221,-119.393005
1639150274,36.542221,-119.393005
1639150277,36.542183,-119.393028
1639150280,36.542198,-119.393082
1639150283,36.542141,-119.393059
1639150286,36.542141,-119.393059
1639150289,36.542053,-119.392929
1639150292,36.542046,-119.392853
1639150295,36.542061,-119.392830
1639150298,36.542061,-119.392830
1639150301,36.542175,-119.392982
1639150304,36.542095,-119.392883
1639150307,36.542095,-119.392883
1639150310,36.541878,-119.393013
1639150313,36.541878,-119.393013
1639150316,36.541824,-119.393051
1639150319,36.541809,-119.393066
1639150322,36.541939,-119.392998
1639150325,36.542019,-119.392914
1639150328,36.542114,-119.392899
1639150331,36.542114,-119.392899
1639150334,36.542160,-119.392906
1639150337,36.542149,-119.392883
1639150340,36.542152,-119.392853
1639150343,36.542152,-119.392853
1639150346,36.542221,-119.393005
1639150349,36.542194,-119.392998
1639150352,36.542160,-119.393082
1639150355,36.542160,-119.393082
