1639191634,36.541679,-119.392883
1639191637,36.541660,-119.392883
1639191640,36.542160,-119.392715
1639191643,36.541824,-119.392838
1639191646,36.541683,-119.392860
1639191649,36.541683,-119.392860
1639191652,36.541683,-119.392860
1639191655,36.541683,-119.392860
1639191658,36.541683,-119.392860
1639191661,36.541683,-119.392860
1639191664,36.541683,-119.392860
1639191667,36.541641,-119.392868
1639191670,36.541645,-119.392876
1639191673,36.541645,-119.392876
1639191676,36.541645,-119.392876
1639191679,36.541645,-119.392876
1639191682,36.541645,-119.392876
1639191685,36.541645,-119.392876
1639191688,36.541664,-119.392891
1639191691,36.541714,-119.392998
1639191694,36.541824,-119.393158
1639191697,36.541988,-119.393349
1639191700,36.542175,-119.393562
1639191703,36.542400,-119.393814
1639191706,36.542629,-119.394066
1639191709,36.542862,-119.394318
1639191712,36.543068,-119.394577
1639191715,36.543175,-119.394821
1639191718,36.543201,-119.394897
1639191721,36.543209,-119.394920
1639191724,36.543217,-119.394943
1639191727,36.543201,-119.394928
1639191730,36.543205,-119.394943
1639191733,36.543201,-119.394936
1639191736,36.543205,-119.394936
1639191739,36.543209,-119.394936
1639191742,36.543209,-119.394936
1639191745,36.543198,-119.394951
1639191748,36.543224,-119.394989
1639191751,36.543404,-119.394981
1639191754,36.543655,-119.394989
1639191757,36.543957,-119.394989
1639191760,36.544281,-119.394981
1639191763,36.544613,-119.394974
1639191766,36.544922,-119.394966
1639191769,36.545158,-119.394966
1639191772,36.545273,-119.394958
1639191775,36.545319,-119.394958
1639191778,36.545338,-119.394958
1639191781,36.545338,-119.394958
1639191784,36.545345,-119.394958
1639191787,36.545345,-119.394958
1639191790,36.545345,-119.394958
1639191793,36.545345,-119.394958
1639191796,36.545345,-119.394958
1639191799,36.545361,-119.394958
1639191802,36.545464,-119.394958
1639191805,36.545628,-119.394958
1639191808,36.545815,-119.394958
1639191811,36.546040,-119.394958
1639191814,36.546280,-119.394966
1639191817,36.546574,-119.394981
1639191820,36.546906,-119.395004
1639191823,36.547256,-119.395004
1639191826,36.547623,-119.395004
1639191829,36.547993,-119.395012
1639191832,36.548363,-119.395012
1639191835,36.548710,-119.395004
1639191838,36.548985,-119.395004
1639191841,36.549175,-119.395004
1639191844,36.549332,-119.395012
1639191847,36.549454,-119.394989
1639191850,36.549492,-119.394821
1639191853,36.549480,-119.394585
1639191856,36.549473,-119.394295
1639191859,36.549465,-119.393990
1639191862,36.549454,-119.393661
1639191865,36.549442,-119.393311
1639191868,36.549431,-119.392952
1639191871,36.549419,-119.392609
1639191874,36.549404,-119.392258
1639191877,36.549400,-119.391907
1639191880,36.549389,-119.391548
1639191883,36.549374,-119.391190
1639191886,36.549362,-119.390877
1639191889,36.549358,-119.390694
1639191892,36.549358,-119.390648
1639191895,36.549286,-119.390572
1639191898,36.549110,-119.390579
1639191901,36.548901,-119.390594
1639191904,36.548786,-119.390602
1639191907,36.548763,-119.390602
1639191910,36.548748,-119.390602
1639191913,36.548748,-119.390602
1639191916,36.548748,-119.390602
1639191919,36.548748,-119.390602
1639191922,36.548771,-119.390602
1639191925,36.548691,-119.390587
1639191928,36.548519,-119.390579
1639191931,36.548283,-119.390572
1639191934,36.548012,-119.390572
1639191937,36.547794,-119.390579
1639191940,36.547680,-119.390541
1639191943,36.547668,-119.390373
1639191946,36.547661,-119.390121
1639191949,36.547638,-119.389824
1639191952,36.547619,-119.389580
1639191955,36.547619,-119.389503
1639191958,36.547619,-119.389458
1639191961,36.547619,-119.389328
1639191964,36.547607,-119.389114
1639191967,36.547604,-119.388832
1639191970,36.547600,-119.388550
1639191973,36.547596,-119.388405
1639191976,36.547596,-119.388336
1639191979,36.547707,-119.388268
1639191982,36.547913,-119.388260
1639191985,36.548176,-119.388260
1639191988,36.548458,-119.388260
1639191991,36.548756,-119.388260
1639191994,36.549030,-119.388260
1639191997,36.549202,-119.388268
1639192000,36.549259,-119.388268
1639192003,36.549366,-119.388275
1639192006,36.549557,-119.388283
1639192009,36.549793,-119.388283
1639192012,36.550064,-119.388283
1639192015,36.550346,-119.388290
1639192018,36.550636,-119.388290
1639192021,36.550911,-119.388298
1639192024,36.551105,-119.388298
1639192027,36.551304,-119.388290
1639192030,36.551548,-119.388298
1639192033,36.551846,-119.388290
1639192036,36.552155,-119.388290
1639192039,36.552471,-119.388298
1639192042,36.552704,-119.388290
1639192045,36.552830,-119.388290
1639192048,36.552891,-119.388290
1639192051,36.552940,-119.388184
1639192054,36.552937,-119.387985
1639192057,36.552917,-119.387726
1639192060,36.552898,-119.387405
1639192063,36.552879,-119.387047
1639192066,36.552868,-119.386673
1639192069,36.552856,-119.386337
1639192072,36.552853,-119.386147
1639192075,36.552856,-119.386055
1639192078,36.552979,-119.386002
1639192081,36.553162,-119.386009
1639192084,36.553410,-119.386032
1639192087,36.553677,-119.386040
1639192090,36.553955,-119.386040
1639192093,36.554245,-119.386040
1639192096,36.554478,-119.386040
1639192099,36.554592,-119.386040
1639192102,36.554638,-119.386040
1639192105,36.554714,-119.386131
1639192108,36.554722,-119.386353
1639192111,36.554726,-119.386665
1639192114,36.554737,-119.387032
1639192117,36.554752,-119.387413
1639192120,36.554768,-119.387779
1639192123,36.554775,-119.388069
1639192126,36.554783,-119.388222
1639192129,36.554787,-119.388290
1639192132,36.554890,-119.388344
1639192135,36.555073,-119.388329
1639192138,36.555317,-119.388321
1639192141,36.555592,-119.388313
1639192144,36.555897,-119.388313
1639192147,36.556183,-119.388321
1639192150,36.556385,-119.388321
1639192153,36.556454,-119.388321
1639192156,36.556519,-119.388321
1639192159,36.556686,-119.388329
1639192162,36.556911,-119.388329
1639192165,36.557182,-119.388329
1639192168,36.557468,-119.388329
1639192171,36.557774,-119.388329
1639192174,36.558083,-119.388336
1639192177,36.558395,-119.388336
1639192180,36.558704,-119.388344
1639192183,36.559017,-119.388344
1639192186,36.559334,-119.388351
1639192189,36.559650,-119.388351
1639192192,36.559914,-119.388329
1639192195,36.560051,-119.388298
1639192198,36.560104,-119.388268
1639192201,36.560139,-119.388069
1639192204,36.560135,-119.387779
1639192207,36.560120,-119.387398
1639192210,36.560104,-119.386955
1639192213,36.560085,-119.386475
1639192216,36.560066,-119.385956
1639192219,36.560047,-119.385414
1639192222,36.560032,-119.384850
1639192225,36.560017,-119.384270
1639192228,36.560001,-119.383690
1639192231,36.559986,-119.383125
1639192234,36.559967,-119.382545
1639192237,36.559948,-119.381973
1639192240,36.559929,-119.381386
1639192243,36.559910,-119.380806
1639192246,36.559887,-119.380211
1639192249,36.559864,-119.379616
1639192252,36.559853,-119.379028
1639192255,36.559845,-119.378456
1639192258,36.559826,-119.377914
1639192261,36.559792,-119.377464
1639192264,36.559765,-119.377197
1639192267,36.559742,-119.377090
1639192270,36.559669,-119.377037
1639192273,36.559471,-119.377037
1639192276,36.559212,-119.377045
1639192279,36.558926,-119.377045
1639192282,36.558632,-119.377045
1639192285,36.558342,-119.377045
1639192288,36.558067,-119.377045
1639192291,36.557762,-119.377045
1639192294,36.557423,-119.377045
1639192297,36.557083,-119.377045
1639192300,36.556774,-119.377037
1639192303,36.556499,-119.377029
1639192306,36.556305,-119.377037
1639192309,36.556229,-119.377174
1639192312,36.556244,-119.377419
1639192315,36.556267,-119.377747
1639192318,36.556282,-119.378113
1639192321,36.556293,-119.378502
1639192324,36.556309,-119.378914
1639192327,36.556324,-119.379333
1639192330,36.556339,-119.379738
1639192333,36.556347,-119.380142
1639192336,36.556355,-119.380547
1639192339,36.556370,-119.380936
1639192342,36.556377,-119.381256
1639192345,36.556381,-119.381416
1639192348,36.556385,-119.381470
1639192351,36.556339,-119.381577
1639192354,36.556187,-119.381561
1639192357,36.555958,-119.381546
1639192360,36.555683,-119.381538
1639192363,36.555389,-119.381538
1639192366,36.555099,-119.381531
1639192369,36.554813,-119.381538
1639192372,36.554523,-119.381538
1639192375,36.554234,-119.381538
1639192378,36.553959,-119.381531
1639192381,36.553684,-119.381523
1639192384,36.553402,-119.381516
1639192387,36.553120,-119.381523
1639192390,36.552910,-119.381516
1639192393,36.552841,-119.381516
1639192396,36.552776,-119.381508
1639192399,36.552715,-119.381371
1639192402,36.552708,-119.381157
1639192405,36.552704,-119.381035
1639192408,36.552704,-119.381027
1639192411,36.552704,-119.381020
1639192414,36.552704,-119.381020
1639192417,36.552704,-119.381020
1639192420,36.552704,-119.381020
1639192423,36.552704,-119.381020
1639192426,36.552704,-119.381020
1639192429,36.552704,-119.381020
1639192432,36.552704,-119.381020
1639192435,36.552704,-119.381020
1639192438,36.552704,-119.381020
1639192441,36.552704,-119.381020
1639192444,36.552704,-119.381020
1639192447,36.552704,-119.381020
1639192450,36.552704,-119.381020
1639192453,36.552704,-119.381020
1639192456,36.552704,-119.381020
1639192459,36.552704,-119.381020
1639192462,36.552704,-119.381020
1639192465,36.552704,-119.381020
1639192468,36.552704,-119.381020
1639192471,36.552704,-119.381020
1639192474,36.552704,-119.381020
1639192477,36.552704,-119.381020
1639192480,36.552704,-119.381020
1639192483,36.552704,-119.381020
1639192486,36.552704,-119.381020
1639192489,36.552704,-119.381020
1639192492,36.552704,-119.381020
1639192495,36.552704,-119.381020
1639192498,36.552704,-119.381020
1639192501,36.552704,-119.381020
1639192504,36.552704,-119.381020
1639192507,36.552704,-119.381020
1639192510,36.552704,-119.381020
1639192513,36.552704,-119.381020
1639192516,36.552704,-119.381020
1639192519,36.552704,-119.381020
1639192522,36.552704,-119.381020
1639192525,36.552704,-119.381020
1639192528,36.552704,-119.381020
1639192531,36.552704,-119.381020
1639192534,36.552704,-119.381020
1639192537,36.552704,-119.381020
1639192540,36.552704,-119.381020
1639192543,36.552704,-119.381020
1639192546,36.552704,-119.381020
1639192549,36.552704,-119.381020
1639192552,36.552704,-119.381020
1639192555,36.552704,-119.381020
1639192558,36.552704,-119.381020
1639192561,36.552704,-119.381020
1639192564,36.552704,-119.381020
1639192567,36.552704,-119.381020
1639192570,36.552704,-119.381020
1639192573,36.552704,-119.381020
1639192576,36.552704,-119.381020
1639192579,36.552704,-119.381020
1639192582,36.552704,-119.381020
1639192585,36.552704,-119.381020
1639192588,36.552704,-119.381020
1639192591,36.552704,-119.381020
1639192594,36.552704,-119.381020
1639192597,36.552704,-119.381020
1639192600,36.552704,-119.381020
1639192603,36.552704,-119.381020
1639192606,36.552704,-119.381020
1639192609,36.552704,-119.381020
1639192612,36.552704,-119.381020
1639192615,36.552704,-119.381020
1639192618,36.552704,-119.381020
1639192621,36.552704,-119.381020
1639192624,36.552704,-119.381020
1639192627,36.552704,-119.381020
1639192630,36.552704,-119.381020
1639192633,36.552704,-119.381020
1639192636,36.552704,-119.381020
1639192639,36.552704,-119.381020
1639192642,36.552704,-119.381020
1639192645,36.552704,-119.381020
1639192648,36.552704,-119.381020
1639192651,36.552704,-119.381020
1639192654,36.552704,-119.381020
1639192657,36.552704,-119.381020
1639192660,36.552704,-119.381020
1639192663,36.552704,-119.381020
1639192666,36.552704,-119.381020
1639192669,36.552704,-119.381020
1639192672,36.552704,-119.381020
1639192675,36.552704,-119.381020
1639192678,36.552704,-119.381020
1639192681,36.552704,-119.381020
1639192684,36.552704,-119.381020
1639192687,36.552673,-119.381027
1639192690,36.552696,-119.380913
1639192693,36.552708,-119.380699
1639192696,36.552700,-119.380402
1639192699,36.552692,-119.380066
1639192702,36.552685,-119.379692
1639192705,36.552673,-119.379303
1639192708,36.552666,-119.378929
1639192711,36.552658,-119.378548
1639192714,36.552647,-119.378151
1639192717,36.552635,-119.377739
1639192720,36.552624,-119.377380
1639192723,36.552616,-119.377144
1639192726,36.552612,-119.377068
1639192729,36.552589,-119.376984
1639192732,36.552448,-119.376945
1639192735,36.552219,-119.376945
1639192738,36.551933,-119.376945
1639192741,36.551624,-119.376945
1639192744,36.551292,-119.376945
1639192747,36.550949,-119.376945
1639192750,36.550594,-119.376938
1639192753,36.550232,-119.376938
1639192756,36.549866,-119.376938
1639192759,36.549503,-119.376938
1639192762,36.549149,-119.376930
1639192765,36.548771,-119.376923
1639192768,36.548378,-119.376930
1639192771,36.547974,-119.376930
1639192774,36.547558,-119.376930
1639192777,36.547142,-119.376930
1639192780,36.546768,-119.376938
1639192783,36.546463,-119.376938
1639192786,36.546165,-119.376938
1639192789,36.545887,-119.376923
1639192792,36.545677,-119.376900
1639192795,36.545597,-119.376907
1639192798,36.545586,-119.376907
1639192801,36.545578,-119.376907
1639192804,36.545570,-119.376900
1639192807,36.545570,-119.376900
1639192810,36.545570,-119.376900
1639192813,36.545570,-119.376900
1639192816,36.545570,-119.376900
1639192819,36.545589,-119.376907
1639192822,36.545506,-119.376900
1639192825,36.545383,-119.376846
1639192828,36.545357,-119.376678
1639192831,36.545357,-119.376427
1639192834,36.545368,-119.376099
1639192837,36.545368,-119.375710
1639192840,36.545372,-119.375290
1639192843,36.545376,-119.374832
1639192846,36.545383,-119.374344
1639192849,36.545387,-119.373833
1639192852,36.545391,-119.373306
1639192855,36.545403,-119.372780
1639192858,36.545403,-119.372246
1639192861,36.545406,-119.371719
1639192864,36.545410,-119.371254
1639192867,36.545410,-119.370926
1639192870,36.545364,-119.370750
1639192873,36.545238,-119.370720
1639192876,36.545040,-119.370720
1639192879,36.544807,-119.370728
1639192882,36.544590,-119.370735
1639192885,36.544460,-119.370728
1639192888,36.544403,-119.370583
1639192891,36.544399,-119.370422
1639192894,36.544395,-119.370384
1639192897,36.544395,-119.370384
1639192900,36.544395,-119.370384
1639192903,36.544395,-119.370384
1639192906,36.544399,-119.370384
1639192909,36.544399,-119.370384
1639192912,36.544399,-119.370384
1639192915,36.544399,-119.370384
1639192918,36.544399,-119.370384
1639192921,36.544399,-119.370384
1639192924,36.544399,-119.370384
1639192927,36.544399,-119.370384
1639192930,36.544399,-119.370384
1639192933,36.544399,-119.370384
1639192936,36.544399,-119.370384
1639192939,36.544399,-119.370384
1639192942,36.544399,-119.370384
1639192945,36.544399,-119.370384
1639192948,36.544399,-119.370384
1639192951,36.544399,-119.370384
1639192954,36.544399,-119.370384
1639192957,36.544399,-119.370384
1639192960,36.544399,-119.370384
1639192963,36.544399,-119.370384
1639192966,36.544399,-119.370384
1639192969,36.544399,-119.370384
1639192972,36.544399,-119.370384
1639192975,36.544399,-119.370384
1639192978,36.544399,-119.370384
1639192981,36.544399,-119.370384
1639192984,36.544399,-119.370384
1639192987,36.544399,-119.370384
1639192990,36.544399,-119.370384
1639192993,36.544399,-119.370384
1639192996,36.544407,-119.370369
1639192999,36.544479,-119.370316
1639193002,36.544628,-119.370308
1639193005,36.544834,-119.370316
1639193008,36.544987,-119.370316
1639193011,36.545052,-119.370407
1639193014,36.545052,-119.370590
1639193017,36.545086,-119.370720
1639193020,36.545235,-119.370728
1639193023,36.545345,-119.370735
1639193026,36.545422,-119.370758
1639193029,36.545513,-119.370903
1639193032,36.545528,-119.371178
1639193035,36.545521,-119.371536
1639193038,36.545513,-119.371956
1639193041,36.545506,-119.372414
1639193044,36.545498,-119.372917
1639193047,36.545490,-119.373428
1639193050,36.545486,-119.373955
1639193053,36.545483,-119.374489
1639193056,36.545475,-119.375023
1639193059,36.545467,-119.375549
1639193062,36.545464,-119.376015
1639193065,36.545460,-119.376373
1639193068,36.545460,-119.376610
1639193071,36.545456,-119.376701
1639193074,36.545456,-119.376839
1639193077,36.545460,-119.377075
1639193080,36.545467,-119.377411
1639193083,36.545479,-119.377808
1639193086,36.545490,-119.378235
1639193089,36.545498,-119.378677
1639193092,36.545509,-119.379128
1639193095,36.545525,-119.379578
1639193098,36.545532,-119.380035
1639193101,36.545544,-119.380516
1639193104,36.545555,-119.380997
1639193107,36.545567,-119.381470
1639193110,36.545578,-119.381950
1639193113,36.545593,-119.382423
1639193116,36.545605,-119.382881
1639193119,36.545612,-119.383308
1639193122,36.545624,-119.383690
1639193125,36.545631,-119.383980
1639193128,36.545635,-119.384132
1639193131,36.545639,-119.384171
1639193134,36.545639,-119.384186
1639193137,36.545639,-119.384254
1639193140,36.545650,-119.384460
1639193143,36.545658,-119.384789
1639193146,36.545670,-119.385162
1639193149,36.545681,-119.385551
1639193152,36.545662,-119.385918
1639193155,36.545662,-119.386131
1639193158,36.545662,-119.386192
1639193161,36.545662,-119.386208
1639193164,36.545662,-119.386223
1639193167,36.545631,-119.386284
1639193170,36.545490,-119.386452
1639193173,36.545311,-119.386673
1639193176,36.545132,-119.386932
1639193179,36.544971,-119.387161
1639193182,36.544888,-119.387276
1639193185,36.544861,-119.387306
1639193188,36.544777,-119.387413
1639193191,36.544640,-119.387596
1639193194,36.544460,-119.387840
1639193197,36.544262,-119.388100
1639193200,36.544064,-119.388367
1639193203,36.543858,-119.388641
1639193206,36.543648,-119.388931
1639193209,36.543648,-119.388931
1639193212,36.543262,-119.389458
1639193215,36.543262,-119.389458
1639193219,36.542877,-119.389969
1639193221,36.542877,-119.389969
1639193225,36.542728,-119.390167
1639193227,36.542728,-119.390167
1639193231,36.542519,-119.390457
1639193234,36.542519,-119.390457
1639193237,36.542164,-119.390945
1639193240,36.542164,-119.390945
1639193243,36.541920,-119.391266
1639193246,36.541920,-119.391266
1639193249,36.541790,-119.391434
1639193252,36.541790,-119.391434
1639193255,36.541492,-119.391823
1639193258,36.541492,-119.391823
1639193261,36.541206,-119.392227
1639193264,36.541206,-119.392227
1639193267,36.541161,-119.392410
1639193270,36.541161,-119.392410
1639193273,36.541428,-119.392670
1639193276,36.541428,-119.392670
1639193279,36.541626,-119.392860
1639193282,36.541626,-119.392860
1639193285,36.541618,-119.392822
1639193288,36.541618,-119.392822
1639193291,36.541599,-119.392876
1639193294,36.541599,-119.392876
1639193297,36.541588,-119.392876
1639193300,36.541588,-119.392876
1639193303,36.541588,-119.392876
1639193306,36.541588,-119.392876
1639193309,36.541588,-119.392876
1639193312,36.541588,-119.392876
1639193315,36.541588,-119.392876
1639193318,36.541588,-119.392876
1639193321,36.541588,-119.392876
1639193324,36.541588,-119.392876
1639193327,36.541588,-119.392876
1639193330,36.541588,-119.392876
1639193333,36.541588,-119.392876
1639193336,36.541588,-119.392876
1639193339,36.541588,-119.392876
1639193342,36.541588,-119.392876
1639193345,36.541588,-119.392876
1639193348,36.541588,-119.392876
1639193351,36.541588,-119.392876
1639193354,36.541588,-119.392876
1639193357,36.541588,-119.392876
1639193360,36.541588,-119.392876
1639193363,36.541588,-119.392876
1639193366,36.541588,-119.392876
1639193369,36.541588,-119.392876
1639193372,36.541588,-119.392876
1639193375,36.541588,-119.392876
1639193378,36.541588,-119.392876
1639193381,36.541588,-119.392876
1639193384,36.541588,-119.392876
1639193387,36.541588,-119.392876
1639193390,36.541588,-119.392876
1639193393,36.541588,-119.392876
1639193396,36.541588,-119.392876
1639193399,36.541588,-119.392876
1639193402,36.541588,-119.392876
1639193405,36.541588,-119.392876
1639193408,36.541588,-119.392876
1639193411,36.541588,-119.392876
1639193414,36.541588,-119.392876
1639193417,36.541588,-119.392876
1639193420,36.541588,-119.392876
1639193423,36.541588,-119.392876
1639193426,36.541611,-119.392838
1639193429,36.541611,-119.392838
1639193432,36.541611,-119.392838
1639193435,36.541611,-119.392838
1639193438,36.541611,-119.392838
1639193441,36.541611,-119.392838
1639193444,36.541611,-119.392838
1639193447,36.541611,-119.392838
1639193450,36.541611,-119.392838
1639193453,36.541611,-119.392838
1639193456,36.541611,-119.392838
1639193459,36.541611,-119.392838
1639193462,36.541611,-119.392838
1639193465,36.541611,-119.392838
1639193468,36.541611,-119.392838
1639193471,36.541611,-119.392838
1639193474,36.541611,-119.392838
1639193477,36.541611,-119.392838
1639193480,36.541611,-119.392838
1639193483,36.541611,-119.392838
1639193486,36.541611,-119.392838
1639193489,36.541611,-119.392838
1639193492,36.541611,-119.392838
1639193495,36.541611,-119.392838
1639193498,36.541611,-119.392838
1639193501,36.541611,-119.392838
1639193504,36.541611,-119.392838
1639193507,36.541611,-119.392838
1639193510,36.541611,-119.392838
1639193513,36.541611,-119.392838
1639193516,36.541611,-119.392838
1639193519,36.541611,-119.392838
1639193522,36.541611,-119.392838
1639193525,36.541611,-119.392838
1639193528,36.541611,-119.392838
1639193531,36.541611,-119.392838
1639193534,36.541611,-119.392838
1639193537,36.541611,-119.392838
1639193540,36.541611,-119.392838
1639193543,36.541611,-119.392838
1639193546,36.541611,-119.392838
1639193549,36.541611,-119.392838
1639193552,36.541611,-119.392838
1639193555,36.541611,-119.392838
1639193558,36.541611,-119.392838
1639193561,36.541611,-119.392838
1639193564,36.541611,-119.392838
1639193567,36.541611,-119.392838
1639193570,36.541611,-119.392838
1639193573,36.541611,-119.392838
1639193576,36.541611,-119.392838
1639193579,36.541611,-119.392838
1639193582,36.541611,-119.392838
1639193585,36.541611,-119.392838
1639193588,36.541611,-119.392838
1639193591,36.541611,-119.392838
1639193594,36.541611,-119.392838
1639193597,36.541637,-119.392830
1639193600,36.541637,-119.392830
1639193603,36.541805,-119.393143
1639193606,36.541805,-119.393143
1639193609,36.541946,-119.393303
1639193612,36.542042,-119.393433
1639193615,36.541996,-119.393593
1639193618,36.541870,-119.393776
1639193621,36.541794,-119.393890
1639193624,36.541779,-119.393898
1639193627,36.541756,-119.393913
1639193630,36.541653,-119.394058
1639193633,36.541653,-119.394058
1639193636,36.541370,-119.394447
1639193639,36.541370,-119.394447
1639193642,36.541317,-119.394630
1639193645,36.541317,-119.394630
1639193648,36.541359,-119.394753
1639193651,36.541359,-119.394753
1639193654,36.541363,-119.394768
1639193657,36.541359,-119.394768
1639193660,36.541359,-119.394768
1639193663,36.541359,-119.394958
1639193666,36.541355,-119.395348
1639193669,36.541359,-119.395592
1639193672,36.541489,-119.395996
1639193675,36.541676,-119.396286
1639193678,36.541904,-119.396561
1639193681,36.542126,-119.396828
1639193684,36.542297,-119.397133
1639193687,36.542351,-119.397514
1639193690,36.542351,-119.397934
1639193693,36.542351,-119.398376
1639193696,36.542347,-119.398849
1639193699,36.542347,-119.399330
1639193702,36.542343,-119.399811
1639193705,36.542339,-119.400299
1639193708,36.542336,-119.400787
1639193711,36.542336,-119.401253
1639193714,36.542328,-119.401588
1639193717,36.542278,-119.401878
1639193720,36.542294,-119.402199
1639193723,36.542316,-119.402565
1639193726,36.542316,-119.403000
1639193729,36.542324,-119.403442
1639193732,36.542332,-119.403770
1639193735,36.542355,-119.403931
1639193738,36.542377,-119.404015
1639193741,36.542511,-119.404060
1639193744,36.542732,-119.404045
1639193747,36.543011,-119.404037
1639193750,36.543274,-119.404015
1639193753,36.543446,-119.403999
1639193756,36.543526,-119.403992
1639193759,36.543549,-119.403999
1639193762,36.543549,-119.403992
1639193765,36.543549,-119.403992
1639193768,36.543556,-119.403992
1639193771,36.543568,-119.403992
1639193774,36.543575,-119.403992
1639193777,36.543575,-119.403992
1639193780,36.543575,-119.403992
1639193783,36.543575,-119.403992
1639193786,36.543537,-119.403992
1639193789,36.543537,-119.403992
1639193792,36.543537,-119.403992
1639193795,36.543533,-119.403992
1639193798,36.543533,-119.403992
1639193801,36.543533,-119.403992
1639193804,36.543533,-119.403992
1639193807,36.543533,-119.403992
1639193810,36.543533,-119.403992
1639193813,36.543533,-119.403992
1639193816,36.543533,-119.403992
1639193819,36.543533,-119.403992
1639193822,36.543533,-119.403992
1639193825,36.543533,-119.403976
1639193828,36.543533,-119.403976
1639193831,36.543533,-119.403976
1639193834,36.543533,-119.403976
1639193837,36.543533,-119.403976
1639193840,36.543533,-119.403976
1639193843,36.543533,-119.403976
1639193846,36.543533,-119.403976
1639193849,36.543533,-119.403976
1639193852,36.543533,-119.403976
1639193855,36.543533,-119.403976
1639193858,36.543533,-119.403976
1639193861,36.543533,-119.403976
1639193864,36.543533,-119.403976
1639193867,36.543533,-119.403976
1639193870,36.543533,-119.403976
1639193873,36.543533,-119.403976
1639193876,36.543533,-119.403976
1639193879,36.543518,-119.403984
1639193882,36.543514,-119.403992
1639193885,36.543514,-119.403992
1639193888,36.543514,-119.403992
1639193891,36.543514,-119.403992
1639193894,36.543514,-119.403992
1639193897,36.543514,-119.403992
1639193900,36.543514,-119.403992
1639193903,36.543514,-119.403992
1639193906,36.543514,-119.403992
1639193909,36.543514,-119.403992
1639193912,36.543514,-119.403992
1639193915,36.543514,-119.403992
1639193918,36.543514,-119.403992
1639193921,36.543514,-119.403992
1639193924,36.543514,-119.403992
1639193927,36.543514,-119.403992
1639193930,36.543514,-119.403992
1639193933,36.543514,-119.403992
1639193936,36.543514,-119.403992
1639193939,36.543514,-119.403992
1639193942,36.543514,-119.403992
1639193945,36.543514,-119.403992
1639193948,36.543514,-119.403992
1639193951,36.543514,-119.403992
1639193954,36.543514,-119.403992
1639193957,36.543514,-119.403992
1639193960,36.543514,-119.403992
1639193963,36.543514,-119.403992
1639193966,36.543514,-119.403992
1639193969,36.543514,-119.403992
1639193972,36.543514,-119.403992
1639193975,36.543514,-119.403992
1639193978,36.543514,-119.403992
1639193981,36.543514,-119.403992
1639193984,36.543514,-119.403992
1639193987,36.543514,-119.403992
1639193990,36.543514,-119.403992
1639193993,36.543514,-119.403992
1639193996,36.543514,-119.403992
1639193999,36.543514,-119.403992
1639194002,36.543514,-119.403992
1639194005,36.543514,-119.403992
1639194008,36.543514,-119.403992
1639194011,36.543522,-119.403984
1639194014,36.543537,-119.403984
1639194017,36.543629,-119.404015
1639194020,36.543800,-119.404030
1639194023,36.544044,-119.404015
1639194026,36.544338,-119.403999
1639194029,36.544678,-119.403999
1639194032,36.545044,-119.404007
1639194035,36.545403,-119.403992
1639194038,36.545689,-119.403976
1639194041,36.545872,-119.403961
1639194044,36.545940,-119.403809
1639194047,36.545933,-119.403542
1639194050,36.545929,-119.403183
1639194053,36.545921,-119.402779
1639194056,36.545914,-119.402328
1639194059,36.545914,-119.401840
1639194062,36.545902,-119.401337
1639194065,36.545898,-119.400818
1639194068,36.545891,-119.400299
1639194071,36.545887,-119.399788
1639194074,36.545868,-119.399338
1639194077,36.545853,-119.399002
1639194080,36.545841,-119.398773
1639194083,36.545841,-119.398720
1639194086,36.545841,-119.398689
1639194089,36.545845,-119.398689
1639194092,36.545849,-119.398521
1639194095,36.545849,-119.398239
1639194098,36.545849,-119.397865
1639194101,36.545845,-119.397446
1639194104,36.545837,-119.396996
1639194107,36.545826,-119.396523
1639194110,36.545815,-119.396080
1639194113,36.545815,-119.395714
1639194116,36.545807,-119.395485
1639194119,36.545807,-119.395393
1639194122,36.545807,-119.395370
1639194125,36.545807,-119.395348
1639194128,36.545807,-119.395325
1639194131,36.545803,-119.395302
1639194134,36.545807,-119.395317
1639194137,36.545803,-119.395332
1639194140,36.545807,-119.395294
1639194143,36.545803,-119.395096
1639194146,36.545788,-119.394806
1639194149,36.545776,-119.394470
1639194152,36.545769,-119.394135
1639194155,36.545666,-119.393890
1639194158,36.545483,-119.393677
1639194161,36.545269,-119.393433
1639194164,36.545044,-119.393181
1639194167,36.544811,-119.392914
1639194170,36.544575,-119.392632
1639194173,36.544323,-119.392349
1639194176,36.544075,-119.392067
1639194179,36.543823,-119.391785
1639194182,36.543571,-119.391495
1639194185,36.543324,-119.391205
1639194188,36.543076,-119.390930
1639194191,36.542831,-119.390648
1639194194,36.542622,-119.390411
1639194197,36.542439,-119.390198
1639194200,36.542233,-119.389969
1639194203,36.542019,-119.389725
1639194206,36.541840,-119.389519
1639194209,36.541718,-119.389381
1639194212,36.541691,-119.389351
1639194215,36.541683,-119.389343
1639194218,36.541679,-119.389336
1639194221,36.541679,-119.389336
1639194224,36.541679,-119.389336
1639194227,36.541679,-119.389336
1639194230,36.541679,-119.389336
1639194233,36.541679,-119.389336
1639194236,36.541679,-119.389336
1639194239,36.541679,-119.389336
1639194242,36.541668,-119.389313
1639194245,36.541580,-119.389214
1639194248,36.541447,-119.389069
1639194251,36.541283,-119.388878
1639194254,36.541157,-119.388741
1639194257,36.541088,-119.388664
1639194260,36.540749,-119.388283
1639194263,36.540707,-119.388237
1639194266,36.540653,-119.388145
1639194269,36.540695,-119.387985
1639194272,36.540833,-119.387810
1639194275,36.541008,-119.387581
1639194278,36.541183,-119.387352
1639194281,36.541260,-119.387238
1639194284,36.541279,-119.387215
1639194287,36.541348,-119.387123
1639194290,36.541466,-119.386963
1639194293,36.541607,-119.386757
1639194296,36.541771,-119.386551
1639194299,36.541916,-119.386353
1639194302,36.541988,-119.386246
1639194305,36.542027,-119.386192
1639194308,36.542137,-119.386047
1639194311,36.542305,-119.385956
1639194314,36.542542,-119.385956
1639194317,36.542801,-119.385963
1639194320,36.543072,-119.385971
1639194323,36.543339,-119.385979
1639194326,36.543610,-119.385986
1639194329,36.543819,-119.385979
1639194332,36.544003,-119.385925
1639194335,36.544167,-119.385742
1639194338,36.544327,-119.385490
1639194341,36.544407,-119.385262
1639194344,36.544407,-119.385010
1639194347,36.544395,-119.384689
1639194350,36.544384,-119.384308
1639194353,36.544373,-119.383896
1639194356,36.544361,-119.383461
1639194359,36.544342,-119.383034
1639194362,36.544331,-119.382607
1639194365,36.544327,-119.382187
1639194368,36.544315,-119.381767
1639194371,36.544300,-119.381348
1639194374,36.544285,-119.380928
1639194377,36.544254,-119.380562
1639194380,36.544231,-119.380310
1639194383,36.544228,-119.380219
1639194386,36.544231,-119.380219
1639194389,36.544228,-119.380203
1639194392,36.544228,-119.380180
1639194395,36.544228,-119.380165
1639194398,36.544228,-119.380157
1639194401,36.544228,-119.380157
1639194404,36.544228,-119.380157
1639194407,36.544228,-119.380157
1639194410,36.544228,-119.380157
1639194413,36.544228,-119.380157
1639194416,36.544228,-119.380157
1639194419,36.544228,-119.380157
1639194422,36.544228,-119.380157
1639194425,36.544228,-119.380157
1639194428,36.544228,-119.380157
1639194431,36.544228,-119.380157
1639194434,36.544228,-119.380157
1639194437,36.544228,-119.380157
1639194440,36.544228,-119.380157
1639194443,36.544228,-119.380157
1639194446,36.544228,-119.380157
1639194449,36.544228,-119.380157
1639194452,36.544228,-119.380157
1639194455,36.544228,-119.380157
1639194458,36.544228,-119.380157
1639194461,36.544228,-119.380157
1639194464,36.544228,-119.380241
1639194467,36.544231,-119.380150
1639194470,36.544231,-119.380020
1639194473,36.544186,-119.379944
1639194476,36.544052,-119.379951
1639194479,36.543850,-119.379967
1639194482,36.543652,-119.380005
1639194485,36.543495,-119.379936
1639194488,36.543438,-119.379768
1639194491,36.543407,-119.379570
1639194494,36.543278,-119.379486
1639194497,36.543091,-119.379486
1639194500,36.542889,-119.379478
1639194503,36.542820,-119.379494
1639194506,36.542793,-119.379639
1639194509,36.542805,-119.379890
1639194512,36.542820,-119.380211
1639194515,36.542835,-119.380554
1639194518,36.542843,-119.380920
1639194521,36.542854,-119.381294
1639194524,36.542858,-119.381660
1639194527,36.542870,-119.381989
1639194530,36.542873,-119.382225
1639194533,36.542809,-119.382339
1639194536,36.542671,-119.382332
1639194539,36.542488,-119.382324
1639194542,36.542274,-119.382324
1639194545,36.542049,-119.382309
1639194548,36.541832,-119.382309
1639194551,36.541645,-119.382324
1639194554,36.541592,-119.382324
1639194557,36.541519,-119.382401
1639194560,36.541466,-119.382545
1639194563,36.541374,-119.382576
1639194566,36.541222,-119.382568
1639194569,36.541004,-119.382568
1639194572,36.540749,-119.382576
1639194575,36.540466,-119.382584
1639194578,36.540169,-119.382584
1639194581,36.539845,-119.382576
1639194584,36.539516,-119.382568
1639194587,36.539185,-119.382561
1639194590,36.538864,-119.382553
1639194593,36.538589,-119.382553
1639194596,36.538425,-119.382553
1639194599,36.538383,-119.382553
1639194602,36.538300,-119.382553
1639194605,36.538147,-119.382553
1639194608,36.537945,-119.382553
1639194611,36.537701,-119.382553
1639194614,36.537518,-119.382568
1639194617,36.537445,-119.382683
1639194620,36.537449,-119.382912
1639194623,36.537457,-119.383209
1639194626,36.537460,-119.383537
1639194629,36.537468,-119.383881
1639194632,36.537476,-119.384224
1639194635,36.537483,-119.384583
1639194638,36.537491,-119.384941
1639194641,36.537502,-119.385292
1639194644,36.537514,-119.385605
1639194647,36.537521,-119.385826
1639194650,36.537525,-119.385895
1639194653,36.537468,-119.385979
1639194656,36.537312,-119.385986
1639194659,36.537079,-119.385963
1639194662,36.536800,-119.385956
1639194665,36.536499,-119.385948
1639194668,36.536179,-119.385948
1639194671,36.535854,-119.385941
1639194674,36.535526,-119.385948
1639194677,36.535213,-119.385971
1639194680,36.534969,-119.385979
1639194683,36.534855,-119.385979
1639194686,36.534847,-119.385979
1639194689,36.534843,-119.385979
1639194692,36.534801,-119.385979
1639194695,36.534698,-119.385956
1639194698,36.534481,-119.385948
1639194701,36.534191,-119.385941
1639194704,36.533985,-119.385941
1639194707,36.533878,-119.385941
1639194710,36.533199,-119.385933
1639194713,36.532845,-119.385925
1639194716,36.532486,-119.385925
1639194719,36.532127,-119.385925
1639194722,36.531780,-119.385918
1639194725,36.531502,-119.385918
1639194728,36.531326,-119.385925
1639194731,36.531284,-119.385925
1639194734,36.531200,-119.386009
1639194737,36.531204,-119.386246
1639194740,36.531219,-119.386559
1639194743,36.531231,-119.386909
1639194746,36.531242,-119.387299
1639194749,36.531254,-119.387711
1639194752,36.531265,-119.388138
1639194755,36.531273,-119.388565
1639194758,36.531273,-119.388992
1639194761,36.531284,-119.389435
1639194764,36.531292,-119.389877
1639194767,36.531296,-119.390327
1639194770,36.531303,-119.390785
1639194773,36.531315,-119.391228
1639194776,36.531326,-119.391663
1639194779,36.531334,-119.392082
1639194782,36.531330,-119.392418
1639194785,36.531345,-119.392624
1639194788,36.531452,-119.392685
1639194791,36.531643,-119.392677
1639194794,36.531906,-119.392670
1639194797,36.532185,-119.392662
1639194800,36.532475,-119.392670
1639194803,36.532768,-119.392654
1639194806,36.533062,-119.392654
1639194809,36.533367,-119.392654
1639194812,36.533676,-119.392654
1639194815,36.533985,-119.392670
1639194818,36.534290,-119.392685
1639194821,36.534554,-119.392708
1639194824,36.534695,-119.392769
1639194827,36.534752,-119.392792
1639194830,36.534813,-119.392838
1639194833,36.535015,-119.393036
1639194836,36.535206,-119.393242
1639194839,36.535412,-119.393478
1639194842,36.535633,-119.393723
1639194845,36.535862,-119.393974
1639194848,36.536022,-119.394142
1639194851,36.536167,-119.394112
1639194854,36.536312,-119.393929
1639194857,36.536488,-119.393692
1639194860,36.536674,-119.393417
1639194863,36.536880,-119.393143
1639194866,36.537090,-119.392853
1639194869,36.537292,-119.392586
1639194872,36.537426,-119.392403
1639194875,36.537468,-119.392349
1639194878,36.537502,-119.392303
1639194881,36.537537,-119.392281
1639194884,36.537796,-119.392479
1639194887,36.537968,-119.392677
1639194890,36.538162,-119.392906
1639194893,36.538349,-119.393120
1639194896,36.538456,-119.393242
1639194899,36.538483,-119.393280
1639194902,36.538589,-119.393288
1639194905,36.538689,-119.393158
1639194908,36.538815,-119.392982
1639194911,36.538956,-119.392799
1639194914,36.539101,-119.392609
1639194917,36.539257,-119.392395
1639194920,36.539417,-119.392151
1639194923,36.539558,-119.391922
1639194926,36.539635,-119.391815
1639194929,36.539658,-119.391777
1639194932,36.539688,-119.391739
1639194935,36.539703,-119.391724
1639194938,36.539772,-119.391655
1639194941,36.539894,-119.391518
1639194944,36.540031,-119.391357
1639194947,36.540146,-119.391289
1639194950,36.540260,-119.391396
1639194953,36.540394,-119.391579
1639194956,36.540573,-119.391785
1639194959,36.540775,-119.391998
1639194962,36.540977,-119.392227
1639194965,36.541183,-119.392441
1639194968,36.541382,-119.392632
1639194971,36.541538,-119.392784
1639194974,36.541622,-119.392883
1639194977,36.541641,-119.392899
1639194980,36.541645,-119.392914
