1639186389,36.542168,-119.392937
1639186392,36.542427,-119.393501
1639186395,36.542347,-119.393333
1639186398,36.542286,-119.393204
1639186401,36.542286,-119.393204
1639186404,36.542286,-119.393204
1639186407,36.542286,-119.393204
1639186410,36.542305,-119.393181
1639186413,36.542503,-119.393509
1639186416,36.542377,-119.393372
1639186419,36.542377,-119.393372
1639186422,36.542377,-119.393372
1639186425,36.541828,-119.393021
1639186428,36.541828,-119.393021
1639186431,36.541828,-119.393021
1639186434,36.541828,-119.393021
1639186437,36.541828,-119.393021
1639186440,36.541790,-119.393021
1639186443,36.541790,-119.393021
1639186446,36.541790,-119.393021
1639186449,36.541790,-119.393021
1639186453,36.541790,-119.393021
1639186455,36.541790,-119.393021
1639186459,36.541763,-119.393013
1639186462,36.541763,-119.393013
1639186465,36.541763,-119.393013
1639186468,36.541763,-119.393013
1639186471,36.541763,-119.393013
1639186474,36.541763,-119.393013
1639186477,36.541763,-119.393013
1639186480,36.541763,-119.393013
1639186483,36.541763,-119.393013
1639186486,36.541779,-119.393013
1639186489,36.541779,-119.393013
1639186492,36.541779,-119.393013
1639186495,36.541779,-119.393013
1639186498,36.541779,-119.393013
1639186501,36.541779,-119.393013
1639186504,36.541779,-119.393013
1639186507,36.541779,-119.393013
1639186510,36.541779,-119.393013
1639186513,36.541779,-119.393013
1639186516,36.541779,-119.393013
1639186519,36.541779,-119.393013
1639186522,36.542400,-119.393433
1639186525,36.542377,-119.393372
1639186528,36.542397,-119.393379
1639186531,36.542397,-119.393379
1639186534,36.542397,-119.393379
1639186537,36.542397,-119.393379
1639186540,36.541798,-119.393021
1639186543,36.541782,-119.393013
1639186546,36.541679,-119.392960
1639186549,36.541679,-119.392960
1639186552,36.541679,-119.392960
1639186555,36.541679,-119.392960
1639186558,36.541679,-119.392960
1639186561,36.541679,-119.392960
1639186564,36.541679,-119.392960
1639186567,36.541679,-119.392960
1639186570,36.541679,-119.392960
1639186573,36.541679,-119.392960
1639186576,36.543392,-119.394379
1639186579,36.543400,-119.394409
1639186582,36.543297,-119.394402
1639186585,36.543297,-119.394402
1639186588,36.543297,-119.394402
1639186591,36.543297,-119.394402
1639186594,36.544216,-119.394684
1639186597,36.544537,-119.394569
1639186600,36.544971,-119.394844
1639186603,36.544971,-119.394844
1639186606,36.544971,-119.394844
1639186609,36.544971,-119.394844
1639186612,36.545490,-119.394958
1639186615,36.545490,-119.394958
1639186618,36.545490,-119.394958
1639186621,36.545471,-119.394981
1639186624,36.545471,-119.394981
1639186627,36.545471,-119.394981
1639186630,36.545471,-119.394981
1639186633,36.545471,-119.394981
1639186636,36.545471,-119.394981
1639186639,36.545906,-119.394379
1639186642,36.545906,-119.394379
1639186645,36.545906,-119.394379
1639186648,36.545906,-119.394379
1639186651,36.545906,-119.394379
1639186654,36.545906,-119.394379
1639186657,36.545906,-119.394379
1639186660,36.545906,-119.394379
1639186663,36.545906,-119.394379
1639186666,36.545906,-119.394379
1639186669,36.545906,-119.394379
1639186672,36.545906,-119.394379
1639186675,36.545803,-119.390427
1639186678,36.545841,-119.389923
1639186681,36.545769,-119.389687
1639186684,36.545769,-119.389687
1639186687,36.545769,-119.389687
1639186690,36.545769,-119.389687
1639186693,36.545769,-119.389687
1639186696,36.545605,-119.387817
1639186699,36.545498,-119.387352
1639186702,36.545662,-119.386902
1639186705,36.545662,-119.386902
1639186708,36.545662,-119.386902
1639186711,36.545662,-119.386902
1639186714,36.545490,-119.385719
1639186717,36.545513,-119.385368
1639186720,36.545528,-119.385223
1639186723,36.545528,-119.385223
1639186726,36.545528,-119.385223
1639186729,36.545528,-119.385223
1639186732,36.545528,-119.385223
1639186735,36.545528,-119.385223
1639186738,36.545574,-119.384148
1639186741,36.545574,-119.384148
1639186744,36.545574,-119.384148
1639186747,36.545574,-119.384148
1639186750,36.545574,-119.384148
1639186753,36.545521,-119.382210
1639186756,36.545521,-119.382210
1639186759,36.545521,-119.382210
1639186762,36.545521,-119.382210
1639186765,36.545521,-119.382210
1639186768,36.545521,-119.382210
1639186771,36.545521,-119.382210
1639186774,36.545521,-119.382210
1639186777,36.545521,-119.382210
1639186780,36.545521,-119.382210
1639186783,36.545521,-119.382210
1639186786,36.545521,-119.382210
1639186789,36.545155,-119.377342
1639186792,36.545124,-119.377083
1639186795,36.545055,-119.376976
1639186798,36.545055,-119.376976
1639186801,36.545055,-119.376976
1639186804,36.545055,-119.376976
1639186807,36.544739,-119.376755
1639186810,36.544739,-119.376755
1639186813,36.544506,-119.376709
1639186816,36.544014,-119.376862
1639186819,36.544014,-119.376862
1639186822,36.544014,-119.376862
1639186825,36.544014,-119.376862
1639186828,36.542446,-119.377121
1639186831,36.542427,-119.376945
1639186834,36.542213,-119.376892
1639186837,36.542213,-119.376892
1639186840,36.542213,-119.376892
1639186843,36.542213,-119.376892
1639186846,36.540947,-119.376770
1639186849,36.540546,-119.376686
1639186852,36.540009,-119.376717
1639186855,36.540009,-119.376717
1639186858,36.540009,-119.376717
1639186861,36.540009,-119.376717
1639186864,36.540009,-119.376717
1639186867,36.539108,-119.376755
1639186870,36.538979,-119.377098
1639186873,36.538906,-119.377144
1639186876,36.538906,-119.377144
1639186879,36.538906,-119.377144
1639186882,36.538609,-119.377068
1639186885,36.538609,-119.377068
1639186888,36.538609,-119.377068
1639186891,36.538609,-119.377068
1639186894,36.538609,-119.377068
1639186897,36.538609,-119.377068
1639186900,36.538609,-119.377068
1639186903,36.538651,-119.376968
1639186906,36.538651,-119.376968
1639186909,36.538651,-119.376968
1639186912,36.538643,-119.376976
1639186915,36.538643,-119.376976
1639186918,36.538643,-119.376976
1639186921,36.538643,-119.376976
1639186924,36.538643,-119.376976
1639186927,36.538643,-119.376976
1639186930,36.538643,-119.376976
1639186933,36.538643,-119.376976
1639186936,36.538643,-119.376976
1639186939,36.538643,-119.376976
1639186942,36.538643,-119.376976
1639186945,36.538643,-119.376976
1639186948,36.538914,-119.377182
1639186951,36.538914,-119.377090
1639186954,36.538910,-119.377106
1639186957,36.538910,-119.377106
1639186960,36.538910,-119.377106
1639186963,36.538643,-119.376991
1639186966,36.538643,-119.376991
1639186969,36.538643,-119.376991
1639186972,36.538643,-119.376991
1639186975,36.538643,-119.376991
1639186978,36.538643,-119.376991
1639186981,36.538643,-119.376991
1639186984,36.538643,-119.376991
1639186987,36.538643,-119.376991
1639186990,36.538643,-119.376991
1639186993,36.538643,-119.376991
1639186996,36.537575,-119.377052
1639186999,36.537575,-119.377052
1639187002,36.537575,-119.377052
1639187005,36.537575,-119.377052
1639187008,36.538380,-119.376694
1639187011,36.535275,-119.377243
1639187014,36.535099,-119.377098
1639187017,36.535099,-119.377098
1639187020,36.535099,-119.377098
1639187023,36.535099,-119.377098
1639187026,36.534058,-119.377121
1639187029,36.533886,-119.377090
1639187032,36.533775,-119.377029
1639187035,36.533775,-119.377029
1639187038,36.533775,-119.377029
1639187041,36.533775,-119.377029
1639187044,36.533760,-119.376945
1639187047,36.533756,-119.376907
1639187050,36.533691,-119.376961
1639187053,36.533691,-119.376961
1639187056,36.533691,-119.376961
1639187059,36.533691,-119.376961
1639187062,36.533691,-119.376961
1639187065,36.532242,-119.376999
1639187068,36.532112,-119.377045
1639187071,36.532112,-119.377045
1639187074,36.532112,-119.377045
1639187077,36.531860,-119.376488
1639187080,36.531860,-119.376488
1639187083,36.531860,-119.376488
1639187086,36.531860,-119.376488
1639187089,36.531860,-119.376488
1639187092,36.531860,-119.376488
1639187095,36.531860,-119.376488
1639187098,36.531860,-119.376488
1639187101,36.531860,-119.376488
1639187104,36.531860,-119.376488
1639187107,36.531307,-119.379715
1639187110,36.531315,-119.379906
1639187113,36.531353,-119.380325
1639187116,36.531353,-119.380325
1639187119,36.531353,-119.380325
1639187122,36.531353,-119.380325
1639187125,36.531353,-119.380325
1639187128,36.531376,-119.381706
1639187131,36.531361,-119.381676
1639187134,36.531357,-119.381683
1639187137,36.531357,-119.381683
1639187140,36.531357,-119.381683
1639187143,36.531357,-119.381683
1639187146,36.531357,-119.381683
1639187149,36.531357,-119.381683
1639187152,36.531765,-119.382271
1639187155,36.531242,-119.382561
1639187158,36.531242,-119.382561
1639187161,36.531242,-119.382561
1639187164,36.531242,-119.382561
1639187167,36.531052,-119.383186
1639187170,36.530899,-119.383484
1639187173,36.530865,-119.383644
1639187176,36.530865,-119.383644
1639187179,36.530865,-119.383644
1639187182,36.530865,-119.383644
1639187185,36.530785,-119.383781
1639187188,36.530788,-119.383759
1639187191,36.530727,-119.383591
1639187194,36.530727,-119.383591
1639187197,36.530727,-119.383591
1639187200,36.530830,-119.383163
1639187203,36.530830,-119.383163
1639187206,36.530830,-119.383163
1639187209,36.530830,-119.383163
1639187212,36.530830,-119.383163
1639187215,36.530830,-119.383163
1639187218,36.530830,-119.383163
1639187221,36.530830,-119.383163
1639187224,36.530830,-119.383163
1639187227,36.530830,-119.383163
1639187230,36.530830,-119.383163
1639187233,36.530830,-119.383163
1639187236,36.530830,-119.383163
1639187239,36.530807,-119.383713
1639187242,36.530781,-119.383698
1639187245,36.530807,-119.383713
1639187248,36.530807,-119.383713
1639187251,36.530807,-119.383713
1639187254,36.530807,-119.383713
1639187257,36.530785,-119.383743
1639187260,36.530792,-119.383736
1639187263,36.530800,-119.383690
1639187266,36.530800,-119.383690
1639187269,36.530800,-119.383690
1639187272,36.530800,-119.383690
1639187275,36.530800,-119.383690
1639187278,36.530819,-119.383713
1639187281,36.530846,-119.383568
1639187284,36.530807,-119.383545
1639187287,36.530807,-119.383545
1639187290,36.530758,-119.383308
1639187293,36.530758,-119.383308
1639187296,36.530758,-119.383308
1639187299,36.530758,-119.383308
1639187302,36.530758,-119.383308
1639187305,36.530758,-119.383308
1639187308,36.530758,-119.383308
1639187311,36.530758,-119.383308
1639187314,36.530758,-119.383308
1639187318,36.530758,-119.383308
1639187320,36.530758,-119.383308
1639187324,36.530758,-119.383308
1639187326,36.530857,-119.383713
1639187330,36.530861,-119.383743
1639187333,36.530842,-119.383728
1639187336,36.530842,-119.383728
1639187339,36.530842,-119.383728
1639187342,36.530842,-119.383728
1639187344,36.530842,-119.383728
1639187348,36.530827,-119.383293
1639187351,36.530830,-119.383286
1639187354,36.530830,-119.383286
1639187357,36.530830,-119.383286
1639187360,36.530830,-119.383286
1639187363,36.530830,-119.383286
1639187366,36.530830,-119.383286
1639187369,36.530830,-119.383286
1639187372,36.530830,-119.383286
1639187375,36.530830,-119.383286
1639187378,36.530830,-119.383286
1639187381,36.530830,-119.383286
1639187384,36.530804,-119.383705
1639187387,36.530708,-119.383484
1639187390,36.530781,-119.383598
1639187393,36.530781,-119.383598
1639187396,36.530781,-119.383598
1639187399,36.530781,-119.383598
1639187402,36.530781,-119.383598
1639187405,36.530834,-119.383659
1639187408,36.530819,-119.383606
1639187411,36.530781,-119.383652
1639187414,36.530781,-119.383652
1639187417,36.530781,-119.383652
1639187420,36.530781,-119.383652
1639187423,36.530750,-119.383224
1639187426,36.530750,-119.383232
1639187429,36.530735,-119.383232
1639187432,36.530735,-119.383232
1639187435,36.530735,-119.383232
1639187438,36.530735,-119.383232
1639187441,36.530735,-119.383232
1639187444,36.530735,-119.383232
1639187447,36.530735,-119.383232
1639187450,36.530735,-119.383232
1639187453,36.530735,-119.383232
1639187456,36.530735,-119.383232
1639187459,36.530891,-119.383804
1639187462,36.530903,-119.383911
1639187465,36.530899,-119.383942
1639187468,36.530899,-119.383942
1639187471,36.530899,-119.383942
1639187474,36.530899,-119.383942
1639187477,36.530899,-119.383942
1639187480,36.531250,-119.385391
1639187483,36.531250,-119.385422
1639187486,36.531250,-119.385635
1639187489,36.531250,-119.385635
1639187492,36.531250,-119.385635
1639187495,36.531250,-119.385635
1639187498,36.531250,-119.385635
1639187501,36.531250,-119.385635
1639187504,36.531250,-119.385635
1639187507,36.531250,-119.385635
1639187510,36.531250,-119.385635
1639187513,36.531250,-119.385635
1639187516,36.531734,-119.386002
1639187519,36.532326,-119.385887
1639187522,36.532501,-119.385956
1639187525,36.532501,-119.385956
1639187528,36.532501,-119.385956
1639187531,36.532501,-119.385956
1639187534,36.532501,-119.385956
1639187537,36.533829,-119.385887
1639187540,36.534065,-119.385941
1639187543,36.534065,-119.385941
1639187546,36.534065,-119.385941
1639187549,36.534065,-119.385941
1639187552,36.534065,-119.385941
1639187555,36.534065,-119.385941
1639187558,36.533791,-119.385315
1639187561,36.533794,-119.385338
1639187564,36.533794,-119.385277
1639187567,36.533794,-119.385277
1639187570,36.533794,-119.385277
1639187573,36.533794,-119.385277
1639187576,36.534927,-119.385460
1639187579,36.535210,-119.385529
1639187582,36.535416,-119.385590
1639187585,36.535416,-119.385590
1639187588,36.535416,-119.385590
1639187591,36.535416,-119.385590
1639187594,36.536530,-119.386703
1639187597,36.536732,-119.386826
1639187600,36.537048,-119.387299
1639187603,36.537048,-119.387299
1639187606,36.537048,-119.387299
1639187609,36.537518,-119.388115
1639187612,36.537518,-119.388115
1639187615,36.537518,-119.388115
1639187618,36.537518,-119.388115
1639187621,36.537518,-119.388115
1639187624,36.537518,-119.388115
1639187627,36.537518,-119.388115
1639187630,36.537518,-119.388115
1639187633,36.537518,-119.388115
1639187636,36.537518,-119.388115
1639187639,36.537518,-119.388115
1639187642,36.537518,-119.388115
1639187645,36.538612,-119.389114
1639187648,36.538925,-119.389328
1639187651,36.539490,-119.389465
1639187654,36.539490,-119.389465
1639187657,36.539490,-119.389465
1639187660,36.539490,-119.389465
1639187663,36.539577,-119.389671
1639187666,36.539543,-119.389664
1639187669,36.539600,-119.389671
1639187672,36.539600,-119.389671
1639187675,36.539600,-119.389671
1639187678,36.539600,-119.389671
1639187681,36.539806,-119.389061
1639187684,36.539860,-119.388992
1639187687,36.539883,-119.388931
1639187690,36.539883,-119.388931
1639187693,36.539883,-119.388931
1639187696,36.539883,-119.388931
1639187699,36.539883,-119.388931
1639187702,36.540237,-119.389626
1639187705,36.540268,-119.389656
1639187708,36.540398,-119.389801
1639187711,36.540398,-119.389801
1639187714,36.540398,-119.389801
1639187717,36.540398,-119.389801
1639187720,36.540398,-119.389801
1639187723,36.540398,-119.389801
1639187726,36.540398,-119.389801
1639187729,36.540398,-119.389801
1639187732,36.540398,-119.389801
1639187735,36.540398,-119.389801
1639187738,36.540783,-119.390274
1639187741,36.540833,-119.390297
1639187744,36.541023,-119.390327
1639187747,36.541023,-119.390327
1639187750,36.541023,-119.390327
1639187753,36.541023,-119.390327
1639187756,36.541023,-119.390327
1639187759,36.541664,-119.391045
1639187762,36.542015,-119.391350
1639187765,36.542107,-119.391479
1639187768,36.542107,-119.391479
1639187771,36.542107,-119.391479
1639187774,36.542107,-119.391479
1639187777,36.542065,-119.391716
1639187780,36.541862,-119.391624
1639187783,36.541878,-119.391670
1639187786,36.541878,-119.391670
1639187789,36.541210,-119.392258
1639187792,36.541210,-119.392258
1639187795,36.541210,-119.392258
1639187798,36.541210,-119.392258
1639187801,36.541210,-119.392258
1639187804,36.541210,-119.392258
1639187807,36.541210,-119.392258
1639187810,36.541210,-119.392258
1639187813,36.541210,-119.392258
1639187816,36.541210,-119.392258
1639187819,36.541210,-119.392258
1639187822,36.541210,-119.392258
1639187825,36.542309,-119.393311
1639187828,36.542477,-119.393517
1639187831,36.542442,-119.393433
1639187834,36.542442,-119.393433
1639187837,36.542442,-119.393433
